Date,Close,Volume,Open,High,Low
03/07/2025,575.92,81158820,570.90,577.39,565.63
03/06/2025,572.71,80094870,575.48,580.1736,570.12
03/05/2025,583.06,71230530,576.69,584.88,573.0795
03/04/2025,576.86,109648200,579.71,585.39,572.25
03/03/2025,583.77,74249200,596.18,597.34,579.90
02/28/2025,594.18,88744110,585.56,594.72,582.44
02/27/2025,585.05,74196660,596.85,598.02,584.65
02/26/2025,594.54,43321580,595.93,599.58,591.8556
02/25/2025,594.24,58266470,597.15,597.89,589.56
02/24/2025,597.21,50737210,602.02,603.03,596.49
02/21/2025,599.94,76519820,610.16,610.30,599.47
02/20/2025,610.38,36554000,611.54,611.684,607.02
02/19/2025,612.93,31011070,610.08,613.23,609.56
02/18/2025,611.49,26749030,610.88,611.49,608.38
02/14/2025,609.70,26910450,609.94,610.99,609.07
02/13/2025,609.73,40921300,604.48,609.94,603.20
02/12/2025,603.36,45076080,599.20,604.55,598.51
02/11/2025,605.31,30056740,602.55,605.86,602.43
02/10/2025,604.85,26048710,604.03,605.4999,602.74
02/07/2025,600.77,50788520,606.89,608.13,600.05
02/06/2025,606.32,35771500,605.99,606.4525,602.63
02/05/2025,604.22,30653150,600.64,604.37,598.58
02/04/2025,601.78,33457820,597.83,602.30,597.28
02/03/2025,597.77,65857250,592.67,600.29,590.49
01/31/2025,601.82,66671470,607.50,609.96,601.05
01/30/2025,605.04,39281260,603.96,606.60,600.715
01/29/2025,601.81,37177430,603.72,604.13,599.22
01/28/2025,604.52,44433320,600.62,605.37,597.25
01/27/2025,599.37,70361130,594.81,599.69,594.64
01/24/2025,607.97,34604690,609.81,610.78,606.80
01/23/2025,609.75,41152100,605.80,609.75,605.52
01/22/2025,606.44,48195970,605.92,607.82,605.36
01/21/2025,603.05,42532850,600.67,603.06,598.67
01/17/2025,597.58,58070630,596.96,599.36,595.61
01/16/2025,591.64,43319660,594.175,594.35,590.93
01/15/2025,592.78,56900160,590.325,593.94,589.195
01/14/2025,582.19,48420580,584.36,585.00,578.35
01/13/2025,581.39,47910060,575.77,581.75,575.35
01/10/2025,580.49,73105050,585.88,585.95,578.55
01/08/2025,589.49,47304670,588.70,590.5799,585.195
01/07/2025,588.63,60393050,597.42,597.75,586.78
01/06/2025,595.36,47679440,596.27,599.70,593.60
01/03/2025,591.95,37888460,587.53,592.60,586.43
01/02/2025,584.64,50203980,589.39,591.13,580.50
12/31/2024,586.08,57052650,589.905,590.6399,584.42
12/30/2024,588.22,56578760,587.89,591.74,584.41
12/27/2024,595.01,64969310,597.54,597.7761,590.7647
12/26/2024,601.34,41338890,599.50,602.48,598.0825
12/24/2024,601.30,33160100,596.06,601.34,595.47
12/23/2024,594.69,57635830,590.89,595.30,587.661
12/20/2024,591.15,125716700,581.77,595.75,580.91
12/19/2024,586.10,85919450,591.36,593.00,585.85
12/18/2024,586.28,108248700,603.98,606.405,585.89
12/17/2024,604.29,55773550,604.19,605.17,602.885
12/16/2024,606.79,43695180,606.00,607.7795,605.21
12/13/2024,604.21,35904730,606.40,607.13,602.81
12/12/2024,604.33,31543810,606.58,607.16,604.33
12/11/2024,607.46,28677720,605.78,608.435,605.50
12/10/2024,602.80,37234520,605.37,605.80,602.13
12/09/2024,604.68,34742740,607.69,607.86,604.08
12/06/2024,607.81,31241550,607.44,609.07,607.02
12/05/2024,606.66,28762180,607.66,608.48,606.305
12/04/2024,607.66,42787560,605.63,607.91,604.95
12/03/2024,603.91,26906630,603.39,604.16,602.341
12/02/2024,603.63,31745990,602.97,604.32,602.47
11/29/2024,602.55,30177350,599.66,603.35,599.3805
11/27/2024,598.83,34000160,600.46,600.85,597.28
11/26/2024,600.65,45621290,598.80,601.33,598.07
11/25/2024,597.53,42441390,599.52,600.86,595.20
11/22/2024,595.51,38226390,593.66,596.15,593.1525
11/21/2024,593.67,46750290,593.40,595.12,587.45
11/20/2024,590.50,50032580,590.38,590.79,584.63
11/19/2024,590.30,49412050,584.71,591.045,584.03
11/18/2024,588.15,37084080,586.22,589.49,585.34
11/15/2024,585.75,75988770,589.72,590.20,583.86
11/14/2024,593.35,38904110,597.32,597.81,592.65
11/13/2024,597.19,47388640,597.37,599.23,594.96
11/12/2024,596.90,43006130,598.68,599.29,594.37
11/11/2024,598.76,37586770,599.81,600.17,597.00
11/08/2024,598.19,46444890,596.17,599.64,596.165
11/07/2024,595.61,47233210,593.08,596.65,592.9999
11/06/2024,591.04,68181970,589.20,591.93,585.39
11/05/2024,576.70,39478320,570.74,576.74,570.52
11/04/2024,569.81,38216980,571.18,572.50,567.89
11/01/2024,571.04,45667530,571.32,575.55,570.62
10/31/2024,568.64,60182450,575.56,575.63,568.44
10/30/2024,580.01,41435840,581.29,583.32,579.29
10/29/2024,581.77,42899660,579.85,582.907,578.43
10/28/2024,580.83,30174700,582.58,582.71,580.52
10/25/2024,579.04,47268180,581.51,584.46,578.08
10/24/2024,579.24,34979860,579.98,580.06,576.57
10/23/2024,577.99,49314570,581.26,581.7086,574.415
10/22/2024,583.32,34183840,581.05,584.50,580.38
10/21/2024,583.63,36439010,583.85,584.85,580.6001
10/18/2024,584.59,37416800,584.07,585.39,582.58
10/17/2024,582.35,34393710,585.91,586.12,582.16
10/16/2024,582.30,30725440,579.78,582.83,578.96
10/15/2024,579.78,54203640,584.59,584.90,578.545
10/14/2024,584.32,36217220,581.22,585.27,580.73
10/11/2024,579.58,42267990,576.05,580.33,575.91
10/10/2024,576.13,44138060,575.77,577.58,574.49
10/09/2024,577.14,37912240,573.16,577.71,572.55
10/08/2024,573.17,37398690,570.42,573.78,569.5299
10/07/2024,567.80,49964690,571.30,571.9599,566.63
10/04/2024,572.98,43005190,572.35,573.36,568.10
10/03/2024,567.82,40846470,567.36,569.8025,565.49
10/02/2024,568.86,38097800,567.71,569.90,565.27
10/01/2024,568.62,72668780,573.40,574.0622,566.00
09/30/2024,573.76,63655450,570.42,574.38,568.08
09/27/2024,571.47,42100930,573.39,574.22,570.42
09/26/2024,572.30,48336000,574.38,574.71,569.90
09/25/2024,570.04,38428590,571.14,571.89,568.91
09/24/2024,571.30,46805670,570.48,571.36,567.60
09/23/2024,569.67,44116920,569.34,570.3325,568.10
09/20/2024,568.25,77503110,567.84,569.31,565.17
09/19/2024,570.98,75315470,571.01,572.88,568.08
09/18/2024,561.40,59044940,563.74,568.69,560.83
09/17/2024,563.07,49320970,565.10,566.58,560.795
09/16/2024,562.84,36656120,561.74,563.11,559.90
09/13/2024,562.01,39310500,559.71,563.03,559.45
09/12/2024,559.09,51892740,555.01,559.40,552.74
09/11/2024,554.42,75248610,548.70,555.36,539.96
09/10/2024,548.79,36394580,548.36,549.15,543.38
09/09/2024,546.41,40445820,544.65,547.71,542.68
09/06/2024,540.36,68493810,549.94,551.60,539.44
09/05/2024,549.61,44264260,550.89,553.7995,547.10
09/04/2024,550.95,47224940,550.20,554.43,549.46
09/03/2024,552.08,60600110,560.47,560.81,549.51
08/30/2024,563.68,62700110,560.77,564.20,557.14
08/29/2024,558.35,38715180,560.31,563.68,557.18
08/28/2024,558.30,41066020,561.21,561.65,555.04
08/27/2024,561.56,32693900,559.49,562.06,558.32
08/26/2024,560.79,35788610,563.18,563.91,559.05
08/23/2024,562.13,50639390,559.53,563.09,557.29
08/22/2024,556.22,56121460,562.56,563.18,554.98
08/21/2024,560.62,41514600,559.77,562.11,554.73
08/20/2024,558.70,33732260,559.15,560.84,557.325
08/19/2024,559.61,39121790,554.73,559.61,553.86
08/16/2024,554.31,44430730,551.42,555.02,551.26
08/15/2024,553.07,60846810,549.50,553.36,548.88
08/14/2024,543.75,42446930,542.85,544.96,540.12
08/13/2024,542.04,52333070,536.53,542.28,536.28
08/12/2024,533.27,42542070,534.21,535.73,530.95
08/09/2024,532.99,45619560,529.81,534.51,528.56
08/08/2024,530.65,63276590,523.91,531.29,521.84
08/07/2024,518.66,70698340,528.47,531.59,518.0519
08/06/2024,522.15,84826310,519.22,529.75,517.87
08/05/2024,517.38,146267400,511.64,523.58,510.27
08/02/2024,532.90,82789070,535.75,536.99,528.60
08/01/2024,543.01,76428730,552.57,554.8688,539.43
07/31/2024,550.81,65663390,548.98,553.50,547.5799
07/30/2024,542.00,46853630,546.26,547.34,538.515
07/29/2024,544.76,39515820,546.02,547.05,542.72
07/26/2024,544.44,53763790,542.28,547.19,541.49
07/25/2024,538.41,61158290,541.35,547.455,537.45
07/24/2024,541.23,74515270,548.86,549.17,540.29
07/23/2024,553.78,34439560,554.54,556.735,553.275
07/22/2024,554.65,43346720,553.00,555.27,551.02
07/19/2024,548.99,65509080,552.42,554.08,547.91
07/18/2024,552.66,56270390,558.51,559.52,550.43
07/17/2024,556.94,57118960,558.80,560.51,556.61
07/16/2024,564.86,36475260,562.865,565.16,562.10
07/15/2024,561.53,40584290,562.03,564.8371,559.63
07/12/2024,559.99,53084410,557.63,563.67,557.15
07/11/2024,556.48,53054180,561.44,562.33,555.83
07/10/2024,561.32,38701220,557.07,561.67,556.77
07/09/2024,555.82,27314130,556.26,557.18,555.52
07/08/2024,555.28,36110450,555.44,556.2501,554.19
07/05/2024,554.64,41488390,551.77,555.05,551.12
07/03/2024,551.46,32789910,548.69,551.83,548.65
07/02/2024,549.01,40434790,543.70,549.01,543.65
07/01/2024,545.34,40297810,545.63,545.88,542.52
06/28/2024,544.22,76144540,547.16,550.28,542.95
06/27/2024,546.37,35041480,545.37,546.96,544.61
06/26/2024,545.51,38550640,543.69,546.24,543.03
06/25/2024,544.83,38273350,543.99,545.20,542.44
06/24/2024,542.74,45528650,544.33,546.95,542.62
06/21/2024,544.51,64513860,544.40,545.65,543.02
06/20/2024,547.00,70328230,549.44,550.12,545.18
06/18/2024,548.49,41376420,547.16,548.62,546.73
06/17/2024,547.10,55839460,542.08,548.53,541.6072
06/14/2024,542.78,40089900,540.88,542.81,539.85
06/13/2024,542.45,44760950,543.15,543.325,539.59
06/12/2024,541.36,63251310,541.63,544.12,540.30
06/11/2024,536.95,36383410,534.07,537.01,532.05
06/10/2024,535.66,35729250,533.18,535.99,532.57
06/07/2024,534.01,43224530,533.66,536.89,532.535
06/06/2024,534.66,30808530,534.98,535.42,532.68
06/05/2024,534.67,47610370,530.77,534.69,528.7254
06/04/2024,528.39,34632660,526.46,529.15,524.96
06/03/2024,527.80,46835700,529.02,529.31,522.60
05/31/2024,527.37,90785760,523.59,527.50,518.36
05/30/2024,522.61,46468510,524.52,525.20,521.33
05/29/2024,526.10,45190320,525.68,527.31,525.37
05/28/2024,529.81,36269600,530.27,530.51,527.11
05/24/2024,529.44,41291080,527.85,530.27,526.881
05/23/2024,525.96,57211200,532.96,533.07,524.72
05/22/2024,529.83,48389970,530.65,531.38,527.60
05/21/2024,531.36,33437000,529.28,531.52,529.07
05/20/2024,530.06,37764210,529.57,531.5601,529.17
05/17/2024,529.45,59187590,528.81,529.52,527.32
05/16/2024,528.69,50244830,529.88,531.5218,528.54
05/15/2024,529.78,59504900,525.83,530.08,525.18
05/14/2024,523.30,57535870,521.11,523.83,520.56
05/13/2024,520.91,36716360,522.56,522.67,519.74
05/10/2024,520.84,52233170,521.81,522.635,519.59
05/09/2024,520.17,43643670,517.38,520.2074,516.705
05/08/2024,517.19,42047210,515.26,517.74,515.14
05/07/2024,517.14,52561300,517.56,518.57,516.45
05/06/2024,516.57,47264700,513.75,516.61,513.30
05/03/2024,511.29,72756710,511.16,512.55,508.56
05/02/2024,505.03,62550180,504.15,505.89,499.55
05/01/2024,500.35,80242840,501.38,508.19,499.865
04/30/2024,501.98,77483570,508.56,509.56,501.98
04/29/2024,510.06,46415450,510.09,510.75,507.25
04/26/2024,508.26,64306120,506.35,509.88,505.70
04/25/2024,503.49,69122370,499.18,504.27,497.49
04/24/2024,505.41,55928080,506.56,507.37,503.13
04/23/2024,505.65,64633620,501.78,506.09,499.5328
04/22/2024,499.72,67961050,497.83,502.38,495.43
04/19/2024,495.16,102212600,499.44,500.455,493.86
04/18/2024,499.52,74548090,501.98,504.13,498.56
04/17/2024,500.55,75910310,506.05,506.22,499.12
04/16/2024,503.53,73484020,504.94,506.50,502.21
04/15/2024,504.45,92101450,515.13,515.30,503.58
04/12/2024,510.85,92561090,514.37,515.815,509.08
04/11/2024,518.00,70099010,515.68,519.48,512.08
04/10/2024,514.12,82652810,513.48,516.16,512.09
04/09/2024,519.32,68124390,520.50,520.75,514.35
04/08/2024,518.72,48401750,519.15,520.18,517.89
04/05/2024,518.43,74546480,514.46,520.44,514.01
04/04/2024,513.07,96858070,523.52,523.8674,512.755
04/03/2024,519.41,59155760,517.72,520.95,517.665
04/02/2024,518.84,74230310,518.24,518.98,516.48
04/01/2024,522.16,62477540,523.83,524.38,520.97
03/28/2024,523.07,96294890,523.21,524.61,522.78
03/27/2024,523.17,82999780,521.71,523.21,519.485
03/26/2024,518.81,65463740,521.23,521.58,518.40
03/25/2024,519.77,48512110,519.80,520.95,519.61
03/22/2024,521.21,79070840,522.11,522.605,520.97
03/21/2024,522.20,60256110,523.39,524.11,521.91
03/20/2024,520.48,69594570,515.77,520.62,515.08
03/19/2024,515.71,60755260,512.15,515.995,511.12
03/18/2024,512.86,88893330,514.00,515.48,512.44
03/15/2024,509.83,107646300,510.21,511.70,508.122
03/14/2024,514.95,110171800,516.97,517.125,511.82
03/13/2024,515.97,55104090,517.11,517.29,514.49
03/12/2024,516.78,73114440,513.45,517.38,510.86
03/11/2024,511.28,62557180,510.48,511.88,508.50
03/08/2024,511.72,86532540,515.46,518.2201,511.13
03/07/2024,514.81,58652090,513.14,515.89,509.8053
03/06/2024,509.75,68382370,510.55,512.069,508.42
03/05/2024,507.18,72855620,510.24,510.70,504.91
03/04/2024,512.30,49799260,512.03,514.20,512.00
03/01/2024,512.85,76844840,508.98,513.29,508.56
02/29/2024,508.08,83924800,508.07,509.74,505.35
02/28/2024,506.26,56506630,505.33,506.855,504.96
02/27/2024,506.93,48854530,506.70,507.16,504.75
02/26/2024,505.99,50386740,508.30,508.75,505.86
02/23/2024,507.85,61321820,509.27,510.13,507.10
02/22/2024,507.50,76402540,504.01,508.49,503.02
02/21/2024,497.21,59603770,495.42,497.37,493.56
02/20/2024,496.76,71736740,497.72,498.41,494.45
02/16/2024,499.51,75532930,501.70,502.87,498.75
02/15/2024,502.01,61682960,499.29,502.20,498.795
02/14/2024,498.57,68387830,496.79,499.07,494.40
02/13/2024,494.08,113099200,494.53,497.09,490.715
02/12/2024,500.98,56502280,501.17,503.50,500.24
02/09/2024,501.20,63979380,498.84,501.65,498.49
02/08/2024,498.32,52343640,498.10,498.71,497.26
02/07/2024,498.10,70556510,496.29,498.53,495.36
02/06/2024,493.98,55918600,493.52,494.32,492.05
02/05/2024,492.55,75757100,493.695,494.3778,490.23
02/02/2024,494.35,99228190,489.65,496.05,489.30
02/01/2024,489.20,91891640,484.63,489.23,483.80
01/31/2024,482.88,126011100,488.62,489.0813,482.86
01/30/2024,490.89,58618390,490.56,491.62,490.11
01/29/2024,491.27,61322750,487.73,491.415,487.17
01/26/2024,487.41,76641610,487.59,489.12,486.54
01/25/2024,488.03,72524990,487.575,488.305,485.39
01/24/2024,485.39,81765040,487.81,488.77,484.8819
01/23/2024,484.86,49945300,484.01,485.105,482.89
01/22/2024,483.45,75844930,484.01,485.22,482.78
01/19/2024,482.43,110834500,477.65,482.72,476.5374
01/18/2024,476.49,91856250,474.01,477.06,472.42
01/17/2024,472.29,68843870,471.82,472.79,469.87
01/16/2024,474.93,85014870,475.26,476.6098,473.06
01/12/2024,476.68,58026420,477.84,478.60,475.23
01/11/2024,476.35,77940720,477.59,478.12,472.26
01/10/2024,476.56,67310640,474.16,477.4481,473.87
01/09/2024,473.88,65931440,471.87,474.93,471.35
01/08/2024,474.60,74879070,468.43,474.75,468.30
01/05/2024,467.92,86118910,467.49,470.44,466.43
01/04/2024,467.28,84232170,468.30,470.96,467.05
01/03/2024,468.79,103585900,470.43,471.19,468.17
01/02/2024,472.65,123007800,472.16,473.67,470.49
12/29/2023,475.31,122283100,476.49,477.03,473.30
12/28/2023,476.69,77158120,476.88,477.55,476.26
12/27/2023,476.51,68000310,475.44,476.66,474.89
12/26/2023,475.65,55386950,474.07,476.58,473.99
12/22/2023,473.65,67160420,473.86,475.38,471.70
12/21/2023,472.70,86667470,471.33,472.975,468.84
12/20/2023,468.26,102921000,473.96,475.895,467.82
12/19/2023,474.84,55761810,472.53,474.92,472.45
12/18/2023,471.97,70375290,470.98,472.98,469.8929
12/15/2023,469.33,141553700,469.49,470.70,467.4263
12/14/2023,472.01,119026000,472.50,473.73,469.25
12/13/2023,470.50,93277960,464.49,470.7599,464.12
12/12/2023,464.10,68327620,461.63,464.20,460.60
12/11/2023,461.99,65002250,459.69,462.17,459.47
12/08/2023,460.20,83194400,457.46,460.745,457.21
12/07/2023,458.23,66995450,456.91,458.90,456.29
12/06/2023,454.76,69124690,458.81,458.84,454.31
12/05/2023,456.60,69793470,455.26,457.59,454.87
12/04/2023,456.69,72430890,455.60,459.1206,454.34
12/01/2023,459.10,89183400,455.77,459.65,455.16
11/30/2023,456.40,79752700,455.48,456.76,453.34
11/29/2023,454.61,63145990,457.15,458.32,454.20
11/28/2023,454.93,62115010,454.08,456.27,453.50
11/27/2023,454.48,50505990,454.65,455.4901,454.0799
11/24/2023,455.30,29737380,455.07,455.50,454.73
11/22/2023,455.02,59446570,454.98,456.38,453.8895
11/21/2023,453.27,49244640,453.1842,454.131,451.9599
11/20/2023,454.26,70055630,450.53,455.125,450.52
11/17/2023,450.79,83193900,450.24,451.42,449.29
11/16/2023,450.23,66665800,449.22,450.56,448.12
11/15/2023,449.68,77327570,450.11,451.38,448.80
11/14/2023,448.73,97176940,446.32,450.06,446.09
11/13/2023,440.19,52236070,439.23,441.33,438.42
11/10/2023,440.61,89558050,435.98,440.93,433.8335
11/09/2023,433.84,83174420,438.43,438.47,433.40
11/08/2023,437.25,61746030,437.55,438.09,434.87
11/07/2023,436.93,64256110,435.69,437.585,434.51
11/06/2023,435.69,67831660,435.47,436.1498,433.68
11/03/2023,434.69,100167800,433.14,436.29,433.01
11/02/2023,430.76,94938910,426.58,430.915,426.56
11/01/2023,422.66,98068120,419.20,423.50,418.6499
10/31/2023,418.20,79665150,416.18,418.53,414.21
10/30/2023,415.59,86562680,413.56,416.68,412.22
10/27/2023,410.68,107367700,414.19,414.60,409.21
10/26/2023,412.55,115156800,416.45,417.325,411.60
10/25/2023,417.55,94223200,421.89,421.92,417.015
10/24/2023,423.63,78564240,422.65,424.82,420.74
10/23/2023,420.46,92035100,419.61,424.45,417.80
10/20/2023,421.19,123919900,425.98,426.54,421.08
10/19/2023,426.43,121323000,430.95,432.82,425.725
10/18/2023,430.21,93559800,434.19,435.18,429.09
10/17/2023,436.02,75324710,432.81,438.14,432.45
10/16/2023,436.04,75433190,433.82,437.14,433.57
10/13/2023,431.50,95201130,435.21,436.45,429.88
10/12/2023,433.66,81154230,436.95,437.335,431.23
10/11/2023,436.32,62451740,435.64,436.58,433.18
10/10/2023,434.54,78607270,432.94,437.22,432.53
10/09/2023,432.29,80374360,427.58,432.88,427.0101
10/06/2023,429.54,113273300,421.97,431.125,420.60
10/05/2023,424.50,70142740,424.36,425.37,421.1701
10/04/2023,424.66,87452970,422.07,425.4299,420.56
10/03/2023,421.59,103760600,425.06,427.3729,420.18
10/02/2023,427.31,83798600,426.62,428.60,424.46
09/29/2023,427.48,115111300,431.67,431.85,425.91
09/28/2023,428.52,92258310,425.48,430.2499,424.87
09/27/2023,426.05,104705800,427.09,427.67,422.29
09/26/2023,425.88,96168440,429.09,429.82,425.02
09/25/2023,432.23,70874530,429.17,432.27,428.72
09/22/2023,430.42,100829700,432.45,434.10,429.99
09/21/2023,431.39,104095800,435.70,435.97,431.23
09/20/2023,438.64,82562600,444.01,444.435,438.43
09/19/2023,442.71,66514650,442.68,443.29,439.94
09/18/2023,443.63,55752210,443.05,444.97,442.56
09/15/2023,443.37,111848900,447.14,447.48,442.92
09/14/2023,450.36,83430810,449.07,451.08,447.715
09/13/2023,446.51,60199270,446.22,447.71,445.0793
09/12/2023,445.99,67565420,446.95,448.53,445.39
09/11/2023,448.45,60180120,448.24,448.77,446.4699
09/08/2023,445.52,62068440,444.90,447.11,444.53
09/07/2023,444.85,70355430,443.11,445.55,442.75
09/06/2023,446.22,70758510,448.40,448.51,443.81
09/05/2023,449.24,55166210,450.73,451.06,449.17
09/01/2023,451.19,58944100,453.17,453.67,449.68
08/31/2023,450.35,66084560,451.65,452.83,450.16
08/30/2023,451.01,69053910,449.51,451.67,448.78
08/29/2023,449.16,83081920,442.65,449.45,442.46
08/28/2023,442.76,61595390,442.24,443.40,439.9728
08/25/2023,439.97,102325100,438.68,441.30,435.00
08/24/2023,436.89,88517270,444.69,445.22,436.855
08/23/2023,443.03,68441020,439.25,443.67,439.10
08/22/2023,438.15,65062860,441.18,441.18,437.57
08/21/2023,439.34,68718960,437.55,440.11,435.32
08/18/2023,436.50,98851960,433.37,437.57,433.01
08/17/2023,436.29,95711320,441.16,441.43,435.75
08/16/2023,439.64,80107210,442.46,444.18,439.53
08/15/2023,442.89,75707530,446.27,446.64,442.30
08/14/2023,448.11,47867440,444.70,448.11,444.38
08/11/2023,445.65,68690900,443.97,446.7007,443.345
08/10/2023,445.91,93005500,448.19,451.70,444.70
08/09/2023,445.75,78789580,449.03,449.1999,444.96
08/08/2023,448.75,71361320,448.08,450.6952,445.2705
08/07/2023,450.71,58357460,448.71,450.865,447.99
08/04/2023,446.81,100128900,450.72,452.895,446.27
08/03/2023,448.84,64419690,448.04,450.79,447.37
08/02/2023,450.13,93933370,453.25,453.52,449.3499
08/01/2023,456.48,55502200,456.27,457.25,455.49
07/31/2023,457.79,62040450,457.41,458.16,456.045
07/28/2023,456.92,80011790,455.88,457.78,452.4918
07/27/2023,452.49,92194380,459.02,459.44,451.55
07/26/2023,455.51,71052890,454.47,456.99,453.38
07/25/2023,455.44,55191240,453.92,456.735,453.87
07/24/2023,454.20,54023380,453.37,455.04,452.298
07/21/2023,452.18,71275620,453.96,454.165,452.17
07/20/2023,452.18,70591640,454.17,455.10,451.44
07/19/2023,455.20,65891690,455.01,456.43,454.1119
07/18/2023,454.19,80744450,450.50,454.86,450.0484
07/17/2023,450.84,52680220,449.13,451.93,449.08
07/14/2023,449.28,69815820,450.475,451.36,448.49
07/13/2023,449.56,72425240,447.90,450.38,447.45
07/12/2023,446.02,91924530,446.39,447.4799,444.91
07/11/2023,442.46,64463750,440.45,442.97,439.44
07/10/2023,439.66,62443500,438.18,439.84,437.585
07/07/2023,438.55,86134180,438.63,442.64,438.30
07/06/2023,439.66,80658300,439.42,440.10,437.06
07/05/2023,443.13,58418430,441.91,443.889,441.90
07/03/2023,443.79,32793380,442.92,444.08,442.63
06/30/2023,443.28,104964000,441.44,444.30,441.11
06/29/2023,438.11,67882300,435.96,438.28,435.54
06/28/2023,436.39,75635980,435.05,437.44,434.41
06/27/2023,436.17,72813700,432.35,436.81,431.88
06/26/2023,431.44,72823560,432.62,434.61,431.19
06/23/2023,433.21,92074540,432.93,435.06,432.47
06/22/2023,436.51,70637180,433.95,436.62,433.60
06/21/2023,434.94,76982250,436.16,436.99,434.33
06/20/2023,437.18,76160360,437.45,438.37,435.03
06/16/2023,439.46,114165800,443.02,443.6078,438.97
06/15/2023,442.60,110303100,436.33,443.90,436.23
06/14/2023,437.18,100612100,437.01,439.0612,433.59
06/13/2023,436.66,95899700,435.32,437.33,434.63
06/12/2023,433.80,76256700,430.92,433.88,430.17
06/09/2023,429.90,85647270,429.96,431.99,428.87
06/08/2023,429.13,61952840,426.62,429.60,425.82
06/07/2023,426.55,85373280,428.44,429.62,426.11
06/06/2023,428.03,64022180,426.67,428.5772,425.99
06/05/2023,427.10,65460160,428.28,429.62,426.37
06/02/2023,427.92,91426170,424.50,428.74,423.95
06/01/2023,421.82,88865020,418.09,422.92,416.79
05/31/2023,417.85,110811800,418.28,419.22,416.22
05/30/2023,420.18,72215960,422.03,422.58,418.735
05/26/2023,420.02,93829980,415.33,420.77,415.25
05/25/2023,414.65,90961610,414.74,416.16,412.4101
05/24/2023,411.09,89213680,412.42,412.82,409.8795
05/23/2023,414.09,86383490,417.08,418.722,413.68
05/22/2023,418.79,60745400,418.64,420.39,417.35
05/19/2023,418.62,103793300,420.17,420.72,417.35
05/18/2023,419.23,97177200,414.90,419.67,414.67
05/17/2023,415.23,87286960,412.35,415.855,410.635
05/16/2023,410.25,57705500,411.86,412.815,410.24
05/15/2023,413.01,54289380,412.22,413.43,410.23
05/12/2023,411.59,70481550,413.42,413.64,409.07
05/11/2023,412.13,70157060,411.95,412.43,409.97
05/10/2023,412.85,96142920,413.88,414.535,408.87
05/09/2023,410.93,49220120,411.13,412.09,410.6894
05/08/2023,412.74,50046770,412.97,413.24,411.28
05/05/2023,412.63,87891790,408.91,413.72,408.64
05/04/2023,405.13,94901860,406.93,407.27,403.74
05/03/2023,408.02,91531770,411.36,413.87,407.77
05/02/2023,410.84,103998500,414.77,414.82,407.82
05/01/2023,415.51,62122250,415.47,417.62,415.265
04/28/2023,415.93,89433140,411.49,415.94,411.43
04/27/2023,412.41,92968370,407.00,412.69,406.74
04/26/2023,404.36,80447050,406.72,407.84,403.78
04/25/2023,406.08,97766720,410.58,411.16,406.02
04/24/2023,412.63,64332100,411.99,413.07,410.60
04/21/2023,412.20,73457420,412.19,412.68,410.17
04/20/2023,411.88,75840360,411.21,413.70,410.27
04/19/2023,414.14,55227330,412.22,415.08,412.16
04/18/2023,414.21,63560000,415.58,415.72,412.7802
04/17/2023,413.94,66436400,412.37,413.96,411.085
04/14/2023,412.46,78161500,412.81,415.09,410.06
04/13/2023,413.47,85814750,409.18,413.84,407.9922
04/12/2023,408.05,86420380,411.87,412.17,407.44
04/11/2023,409.72,59297950,410.26,411.18,408.92
04/10/2023,409.61,63681040,406.61,409.69,405.97
04/06/2023,409.19,63743350,406.77,409.48,405.678
04/05/2023,407.60,65200240,407.91,408.70,405.88
04/04/2023,408.67,66601530,411.62,411.92,407.24
04/03/2023,410.95,67391100,408.85,411.37,408.44
03/31/2023,409.39,112062600,404.66,409.70,404.55
03/30/2023,403.70,69840050,404.09,404.35,401.76
03/29/2023,401.35,77497880,399.925,401.60,398.68
03/28/2023,395.60,62871680,395.77,396.49,393.69
03/27/2023,396.49,74010410,398.12,398.92,395.56
03/24/2023,395.75,107770100,391.841,395.84,389.40
03/23/2023,393.17,119351300,395.09,399.29,390.35
03/22/2023,392.11,111746600,398.73,402.49,392.07
03/21/2023,398.91,91524250,397.24,399.41,395.58
03/20/2023,393.74,93055780,390.80,394.17,390.07
03/17/2023,389.99,140553400,393.22,394.40,388.55
03/16/2023,396.11,143753900,386.82,396.47,386.29
03/15/2023,389.28,172996900,385.89,389.49,383.71
03/14/2023,391.73,149752400,390.50,393.45,387.05
03/13/2023,385.36,157790000,381.81,390.39,380.65
03/10/2023,385.91,189253000,390.99,393.16,384.32
03/09/2023,391.56,111945300,399.74,401.48,390.53
03/08/2023,398.92,74746630,398.39,399.71,396.59
03/07/2023,398.27,108310600,404.42,404.67,397.625
03/06/2023,404.47,72795950,405.05,407.45,404.01
03/03/2023,404.19,90119950,399.71,404.45,399.03
03/02/2023,397.81,85404730,392.68,398.69,392.33
03/01/2023,394.74,99706820,395.41,396.69,393.38
02/28/2023,396.26,96438570,397.23,399.28,396.15
02/27/2023,397.73,80444740,399.87,401.29,396.75
02/24/2023,396.38,108194400,395.42,397.25,393.64
02/23/2023,400.66,96242400,401.56,402.20,396.25
02/22/2023,398.54,83742290,399.52,401.13,397.02
02/21/2023,399.09,82655920,403.06,404.16,398.82
02/17/2023,407.26,89257820,406.06,407.51,404.05
02/16/2023,408.28,76431470,408.79,412.91,408.14
02/15/2023,413.98,61685280,410.35,414.06,409.47
02/14/2023,412.64,88389310,411.24,415.05,408.511
02/13/2023,412.83,64913540,408.72,412.97,408.24
02/10/2023,408.04,70769720,405.86,408.44,405.01
02/09/2023,407.09,78694860,414.41,414.57,405.81
02/08/2023,410.65,76227460,413.13,414.53,409.93
02/07/2023,415.19,90990750,408.87,416.49,407.57
02/06/2023,409.83,60295330,409.79,411.29,408.10
02/03/2023,412.35,94736780,411.59,416.97,411.09
02/02/2023,416.78,101654500,414.86,418.31,412.88
02/01/2023,410.80,101459200,405.211,413.67,402.35
01/31/2023,406.48,86811790,401.13,406.53,400.77
01/30/2023,400.59,74202020,402.80,405.13,400.28
01/27/2023,405.68,68346180,403.655,408.16,403.44
01/26/2023,404.75,72287430,403.13,404.92,400.03
01/25/2023,400.35,84800250,395.95,400.70,393.56
01/24/2023,400.20,59524910,398.88,401.15,397.64
01/23/2023,400.63,84178800,396.72,402.645,395.72
01/20/2023,395.88,91806360,390.10,396.04,388.38
01/19/2023,388.64,86958920,389.36,391.08,387.26
01/18/2023,391.49,99632260,399.01,400.12,391.28
01/17/2023,397.77,62677280,398.48,400.23,397.06
01/13/2023,398.50,63903930,393.62,399.10,393.34
01/12/2023,396.96,90157700,396.67,398.485,392.42
01/11/2023,395.52,68881080,392.23,395.60,391.38
01/10/2023,390.58,65358090,387.25,390.65,386.27
01/09/2023,387.86,73978070,390.37,393.70,387.67
01/06/2023,388.08,104189600,382.61,389.25,379.4127
01/05/2023,379.38,76970460,381.72,381.84,378.76
01/04/2023,383.76,85934100,383.18,385.88,380.00
01/03/2023,380.82,74850730,384.37,386.43,377.831
12/30/2022,382.43,84022210,380.64,382.58,378.43
12/29/2022,383.44,66970880,379.63,384.35,379.08
12/28/2022,376.66,70911520,381.33,383.39,376.42
12/27/2022,381.40,51638180,382.79,383.15,379.65
12/23/2022,382.91,59857330,379.65,383.06,378.03
12/22/2022,380.72,100120900,383.05,386.2134,374.77
12/21/2022,386.23,78167370,383.25,387.41,382.69
12/20/2022,380.54,74427240,379.23,382.23,377.85
12/19/2022,380.02,79878100,383.47,383.82,378.28
12/16/2022,383.27,119858000,385.18,386.575,381.04
12/15/2022,389.63,117705900,394.30,395.25,387.885
12/14/2022,399.40,108111300,401.61,405.50,396.31
12/13/2022,401.97,123782500,410.22,410.49,399.07
12/12/2022,398.95,75405840,394.11,398.95,393.412
12/09/2022,393.28,81447730,394.94,397.62,393.15
12/08/2022,396.24,60737910,395.14,397.36,393.2684
12/07/2022,393.16,65927900,392.94,395.64,391.97
12/06/2022,393.83,77972220,399.42,399.99,391.64
12/05/2022,399.59,77289820,403.95,404.93,398.17
12/02/2022,406.91,85342730,402.25,407.86,402.14
12/01/2022,407.38,76398170,408.77,410.00,404.75
11/30/2022,407.68,144566700,395.49,407.68,393.48
11/29/2022,395.23,52310040,396.05,397.30,393.30
11/28/2022,395.91,68021750,399.09,400.81,395.11
11/25/2022,402.33,30545430,401.83,402.91,401.535
11/23/2022,402.42,68261630,399.55,402.93,399.31
11/22/2022,399.90,60429030,396.63,400.07,395.1527
11/21/2022,394.59,51243190,394.64,395.82,392.66
11/18/2022,396.03,92922450,397.74,397.81,393.04
11/17/2022,394.24,74496260,390.46,394.95,390.14
11/16/2022,395.45,68508450,396.78,397.78,394.79
11/15/2022,398.49,93194450,401.15,402.31,394.49
11/14/2022,395.12,71893170,396.66,400.1799,394.83
11/11/2022,398.51,93839870,395.59,399.35,393.61
11/10/2022,394.69,141455800,388.05,395.04,385.642
11/09/2022,374.13,78495470,379.93,381.14,373.61
11/08/2022,382.00,84641060,381.11,385.12,377.72
11/07/2022,379.95,68286950,377.71,380.57,375.53
11/04/2022,376.35,103505200,377.00,378.87,370.00
11/03/2022,371.01,87100120,371.465,374.20,368.79
11/02/2022,374.87,126990400,383.90,388.63,374.76
11/01/2022,384.52,85407600,390.14,390.39,383.29
10/31/2022,386.21,96631260,386.44,388.40,385.26
10/28/2022,389.02,100302000,379.87,389.52,379.68
10/27/2022,379.98,81971760,383.07,385.00,379.33
10/26/2022,382.02,104087300,381.62,387.58,381.35
10/25/2022,384.92,78846350,378.79,385.25,378.671
10/24/2022,378.87,85436910,375.89,380.06,373.11
10/21/2022,374.29,131038400,365.12,374.80,363.54
10/20/2022,365.41,88283090,368.03,372.67,364.61
10/19/2022,368.50,79746860,368.99,371.85,365.55
10/18/2022,371.13,97162850,375.13,375.45,367.52
10/17/2022,366.82,93168230,364.01,367.9799,357.2808
10/14/2022,357.63,123737000,368.55,370.26,356.96
10/13/2022,365.97,147254500,349.205,367.51,348.11
10/12/2022,356.56,76991800,358.17,359.8179,356.30
10/11/2022,357.74,92482790,358.235,363.03,355.71
10/10/2022,360.02,76042770,363.96,364.21,357.67
10/07/2022,362.79,107789500,368.97,373.2933,360.94
10/06/2022,373.20,82333540,375.62,378.72,372.68
10/05/2022,377.09,88065670,373.39,379.46,370.95
10/04/2022,377.97,103602800,372.40,378.00,366.5677
10/03/2022,366.61,89756480,361.08,368.55,359.21
09/30/2022,357.18,153711200,361.80,365.91,357.04
09/29/2022,362.79,112952300,366.81,367.11,359.70
09/28/2022,370.53,110802200,364.38,372.30,362.60
09/27/2022,363.38,108294100,368.02,370.40,360.87
09/26/2022,364.31,92581240,366.41,370.21,363.0299
09/23/2022,367.95,122346900,370.58,370.62,363.29
09/22/2022,374.22,89472640,376.58,378.30,373.44
09/21/2022,377.39,106746600,386.11,389.31,377.38
09/20/2022,384.09,77274880,385.06,386.12,381.195
09/19/2022,388.55,73278490,382.26,388.55,382.1784
09/16/2022,385.56,103084800,384.14,386.25,382.11
09/15/2022,390.12,87633840,392.96,395.96,388.78
09/14/2022,394.60,85023750,394.47,396.20,391.12
09/13/2022,393.10,122947100,401.83,403.10,391.92
09/12/2022,410.97,69256260,408.78,411.73,408.46
09/09/2022,406.60,76706920,402.74,407.51,402.46
09/08/2022,400.38,80821680,395.39,400.86,394.12
09/07/2022,397.78,70964230,390.43,398.59,390.20
09/06/2022,390.76,76637400,393.13,394.12,388.42
09/02/2022,392.24,99632150,400.28,401.555,390.33
09/01/2022,396.42,78740080,392.89,396.78,390.04
08/31/2022,395.18,76029670,399.93,401.24,395.04
08/30/2022,398.21,85652440,403.85,404.10,396.00
08/29/2022,402.63,65370810,402.20,405.84,401.1999
08/26/2022,405.31,103087000,419.39,419.96,405.25
08/25/2022,419.51,50942250,415.24,419.56,414.09
08/24/2022,413.67,49177800,412.11,415.1101,411.39
08/23/2022,412.35,49105250,412.90,415.42,411.77
08/22/2022,413.35,77695640,417.05,417.23,412.40
08/19/2022,422.14,68016900,424.98,425.26,421.22
08/18/2022,427.89,49023210,426.86,428.61,425.50
08/17/2022,426.65,63563390,425.91,429.50,424.54
08/16/2022,429.70,59289040,427.73,431.73,426.88
08/15/2022,428.86,54048280,424.765,429.41,424.71
08/12/2022,427.10,61694540,422.03,427.21,421.03
08/11/2022,419.99,59489700,422.99,424.95,419.21
08/10/2022,419.99,68665710,418.78,420.14,416.72
08/09/2022,411.35,44931770,412.22,412.75,410.22
08/08/2022,412.99,54025970,415.25,417.62,411.83
08/05/2022,413.47,56814930,409.66,414.15,409.60
08/04/2022,414.17,45656570,414.37,415.09,412.44
08/03/2022,414.45,67820560,410.30,415.68,410.00
08/02/2022,408.06,63435420,409.12,413.00,406.82
08/01/2022,410.77,69997470,409.15,413.41,408.40
07/29/2022,411.99,87003670,407.58,413.03,406.77
07/28/2022,406.07,73966560,401.89,406.80,398.15
07/27/2022,401.04,82342110,394.36,402.88,394.05
07/26/2022,390.89,52946390,393.84,394.06,389.95
07/25/2022,395.57,53631490,395.75,396.47,393.21
07/22/2022,395.09,72197330,398.92,400.18,392.75
07/21/2022,398.79,64903860,394.16,398.84,391.63
07/20/2022,394.77,71843770,392.47,396.26,391.03
07/19/2022,392.27,78505970,386.08,392.87,385.39
07/18/2022,381.95,63203630,388.38,389.09,380.66
07/15/2022,385.13,79060380,382.55,385.25,380.54
07/14/2022,377.91,89704820,373.61,379.0498,371.04
07/13/2022,378.83,84224650,375.10,381.92,374.658
07/12/2022,380.83,62219180,383.65,386.16,378.99
07/11/2022,384.23,58366950,385.85,386.87,383.50
07/08/2022,388.67,72397770,387.27,390.64,385.66
07/07/2022,388.99,64525920,385.12,389.83,383.267
07/06/2022,383.25,70426240,382.11,385.87,379.60
07/05/2022,381.96,81437970,375.88,381.98,372.90
07/01/2022,381.24,74839730,376.56,381.70,373.80
06/30/2022,377.25,112508300,376.24,380.6582,372.56
06/29/2022,380.34,65676000,381.23,382.27,378.42
06/28/2022,380.65,86689820,390.23,393.16,380.53
06/27/2022,388.59,66009620,391.05,391.36,387.44
06/24/2022,390.08,98050330,381.40,390.09,381.365
06/23/2022,378.06,79292140,376.64,378.83,372.89
06/22/2022,374.39,90059420,370.62,378.72,370.18
06/21/2022,375.07,76811860,371.89,376.525,371.81
06/17/2022,365.86,111113900,365.51,369.38,362.17
06/16/2022,366.65,134473300,370.51,370.94,364.0799
06/15/2022,379.20,125666800,377.36,383.90,372.12
06/14/2022,373.87,104011800,376.85,377.94,370.59
06/13/2022,375.00,170004900,379.85,381.81,373.30
06/10/2022,389.80,132893900,394.88,395.7777,389.75
06/09/2022,401.44,86289800,409.34,411.74,401.44
06/08/2022,411.22,64349970,413.93,415.82,410.38
06/07/2022,415.74,59272370,408.10,416.22,407.61
06/06/2022,411.79,57508860,414.78,416.609,410.5523
06/03/2022,410.54,71874280,412.40,414.04,409.51
06/02/2022,417.39,79609630,409.42,417.44,407.04
06/01/2022,409.59,86585810,415.17,416.24,406.93
05/31/2022,412.93,95936980,413.55,416.46,410.03
05/27/2022,415.26,84768710,407.91,415.3801,407.70
05/26/2022,405.31,82168340,398.67,407.04,398.45
05/25/2022,397.37,91472870,392.31,399.45,391.89
05/24/2022,393.89,91448830,392.56,395.15,386.96
05/23/2022,396.92,76414880,392.83,397.73,390.38
05/20/2022,389.63,131432200,393.25,397.03,380.54
05/19/2022,389.46,98510720,388.62,394.14,387.11
05/18/2022,391.86,117674500,403.50,403.80,390.55
05/17/2022,408.32,83029710,406.53,408.57,402.5824
05/16/2022,400.09,78622440,399.98,403.97,397.60
05/13/2022,401.72,104174400,396.71,403.18,395.61
05/12/2022,392.34,125090800,389.37,395.80,385.15
05/11/2022,392.75,142361000,398.07,404.04,391.96
05/10/2022,399.09,132497200,404.49,406.08,394.82
05/09/2022,398.17,155586100,405.10,406.41,396.50
05/06/2022,411.34,151770800,411.10,414.80,405.73
05/05/2022,413.81,172929100,424.55,425.00,409.44
05/04/2022,429.06,144247900,417.08,429.66,413.7099
05/03/2022,416.38,100028200,415.01,418.93,413.36
05/02/2022,414.48,158312500,412.07,415.92,405.02
04/29/2022,412.00,145491100,423.59,425.87,411.21
04/28/2022,427.81,105449100,422.29,429.64,417.60
04/27/2022,417.27,122030000,417.24,422.92,415.01
04/26/2022,416.10,103996300,425.83,426.04,416.07
04/25/2022,428.51,119647700,423.67,428.69,418.84
04/22/2022,426.04,132471800,436.91,438.0825,425.44
04/21/2022,438.06,85417330,448.54,450.01,437.10
04/20/2022,444.71,65224450,446.92,447.57,443.48
04/19/2022,445.04,77821010,437.86,445.80,437.68
04/18/2022,437.97,66002500,436.81,439.75,435.61
04/14/2022,437.79,97869450,443.55,444.7301,437.68
04/13/2022,443.31,74070390,438.03,444.11,437.84
04/12/2022,438.29,84363640,443.08,445.75,436.6501
04/11/2022,439.92,89770540,444.11,445.00,439.39
04/08/2022,447.57,79272710,447.97,450.63,445.94
04/07/2022,448.77,78097210,445.59,450.69,443.53
04/06/2022,446.52,106898000,446.89,448.93,443.47
04/05/2022,451.03,74214500,455.22,457.83,449.82
04/04/2022,456.80,59601000,453.13,456.91,452.26
04/01/2022,452.92,89048770,453.31,453.46,449.14
03/31/2022,451.64,121699900,457.89,458.76,451.16
03/30/2022,458.70,79666940,460.34,461.195,456.465
03/29/2022,461.55,86581540,460.02,462.07,457.18
03/28/2022,455.91,68529770,452.06,455.91,450.06
03/25/2022,452.69,77101320,451.16,452.98,448.43
03/24/2022,450.49,64736890,445.94,450.50,444.76
03/23/2022,443.80,79426100,446.91,448.49,443.71
03/22/2022,449.59,74650390,445.86,450.58,445.86
03/21/2022,444.39,88349760,444.34,446.46,440.68
03/18/2022,444.52,106345500,438.00,444.86,437.22
03/17/2022,441.07,102676900,433.59,441.07,433.19
03/16/2022,435.62,144954800,429.89,435.68,424.80
03/15/2022,426.17,106219100,419.77,426.84,418.42
03/14/2022,417.00,95729190,420.89,424.55,415.79
03/11/2022,420.07,95636280,428.12,428.77,419.53
03/10/2022,425.48,93972660,422.52,426.43,420.44
03/09/2022,427.41,116990800,425.14,429.51,422.82
03/08/2022,416.25,164772700,419.62,427.21,415.12
03/07/2022,419.43,137896600,431.55,432.3018,419.36
03/04/2022,432.17,114083300,431.75,433.37,427.88
03/03/2022,435.71,105501700,440.47,441.11,433.80
03/02/2022,437.89,117726500,432.37,439.72,431.57
03/01/2022,429.98,137785900,435.04,437.17,427.11
02/28/2022,436.63,145615000,432.03,438.20,430.70
02/25/2022,437.75,121804500,429.61,437.84,427.86
02/24/2022,428.30,213942900,411.02,428.76,410.64
02/23/2022,421.95,132578000,432.66,433.26,421.35
02/22/2022,429.57,124391800,431.89,435.50,425.86
02/18/2022,434.23,132642900,437.33,438.66,431.82
02/17/2022,437.06,102259100,443.22,446.5652,436.42
02/16/2022,446.60,84863590,443.93,448.055,441.94
02/15/2022,446.10,88659500,443.73,446.28,443.18
02/14/2022,439.02,123006300,439.92,441.60,435.34
02/11/2022,440.46,153214600,449.41,451.605,438.94
02/10/2022,449.32,140103700,451.34,457.71,447.20
02/09/2022,457.54,92589930,455.22,457.88,455.005
02/08/2022,450.94,81012040,446.73,451.92,445.22
02/07/2022,447.26,84472860,449.51,450.99,445.85
02/04/2022,448.70,118454400,446.35,452.78,443.83
02/03/2022,446.60,118024400,450.95,452.97,445.71
02/02/2022,457.35,117361000,455.50,458.12,453.05
02/01/2022,452.95,123155400,450.68,453.63,446.9384
01/31/2022,449.91,152251400,441.24,450.28,439.81
01/28/2022,441.95,164457400,432.68,442.00,427.82
01/27/2022,431.24,149878300,438.26,441.59,429.45
01/26/2022,433.38,186391100,440.72,444.04,428.86
01/25/2022,434.47,167997300,433.06,439.72,427.15
01/24/2022,439.84,252496700,432.03,440.38,420.76
01/21/2022,437.98,202271200,445.56,448.06,437.95
01/20/2022,446.75,122379700,453.75,458.74,444.50
01/19/2022,451.75,109357600,458.13,459.6124,451.46
01/18/2022,456.49,109872400,459.74,459.96,455.31
01/14/2022,464.72,95890950,461.19,465.09,459.90
01/13/2022,464.53,91173120,472.19,472.88,463.44
01/12/2022,471.02,67605440,471.59,473.20,468.94
01/11/2022,469.75,74303060,465.23,469.85,462.05
01/10/2022,465.51,119362000,462.70,465.74,456.5973
01/07/2022,466.09,85111590,467.95,469.20,464.65
01/06/2022,467.94,86858900,467.89,470.82,465.43
01/05/2022,468.38,104538900,477.16,477.98,468.2801
01/04/2022,477.55,71178680,479.22,479.98,475.58
01/03/2022,477.71,72668230,476.30,477.85,473.85
12/31/2021,474.96,65237430,475.64,476.86,474.67
12/30/2021,476.16,55329040,477.93,479.00,475.67
12/29/2021,477.48,54502960,476.98,478.56,475.92
12/28/2021,476.87,47274590,477.72,478.81,476.06
12/27/2021,477.26,56808620,472.06,477.31,472.01
12/23/2021,470.60,56439750,468.75,472.19,468.64
12/22/2021,467.69,58890220,462.79,467.81,462.58
12/21/2021,463.06,69806260,458.61,463.21,456.31
12/20/2021,454.98,107134800,454.48,455.40,451.14
12/17/2021,459.87,135636500,461.55,464.74,458.06
12/16/2021,466.45,116568600,472.57,472.87,464.80
12/15/2021,470.60,116899300,463.42,470.86,460.74
12/14/2021,463.36,97264130,463.09,465.74,460.25
12/13/2021,466.57,87724680,470.19,470.56,466.27
12/10/2021,470.74,77159760,469.23,470.90,466.51
12/09/2021,466.35,61272570,468.15,469.6291,466.14
12/08/2021,469.52,72238780,468.70,470.00,466.83
12/07/2021,468.28,95484690,464.41,468.88,458.6546
12/06/2021,458.79,98977530,456.13,460.79,453.56
12/03/2021,453.42,137331600,459.17,460.30,448.92
12/02/2021,457.40,127637800,450.73,459.07,450.31
12/01/2021,450.50,132485800,461.64,464.67,450.29
11/30/2021,455.56,148559600,462.00,464.03,455.30
11/29/2021,464.60,86268820,464.07,466.56,461.73
11/26/2021,458.97,112669600,462.34,463.90,457.77
11/24/2021,469.44,61858810,466.06,469.57,465.19
11/23/2021,468.19,73206540,467.22,469.095,464.45
11/22/2021,467.57,72761950,470.89,473.54,467.35
11/19/2021,468.89,57315570,469.61,470.94,468.50
11/18/2021,469.73,50625610,469.24,470.01,466.34
11/17/2021,468.14,47858290,469.00,469.19,467.48
11/16/2021,469.28,48857500,467.15,470.485,467.07
11/15/2021,467.43,46980500,468.64,468.81,466.23
11/12/2021,467.27,53466650,465.12,467.86,464.11
11/11/2021,463.77,34848500,465.21,465.29,463.75
11/10/2021,463.62,69429650,465.58,467.38,462.04
11/09/2021,467.38,51149150,469.32,469.57,465.88
11/08/2021,468.93,50405190,469.70,470.23,468.2031
11/05/2021,468.53,66390560,469.28,470.65,466.92
11/04/2021,466.91,52847090,465.36,467.00,464.99
11/03/2021,464.72,52509830,461.30,465.15,460.83
11/02/2021,461.90,48908420,460.22,462.23,460.08
11/01/2021,460.04,48433640,460.30,460.7021,458.20
10/29/2021,459.25,70162420,455.87,459.56,455.56
10/28/2021,458.32,51437940,455.46,458.40,455.45
10/27/2021,453.94,72438000,456.45,457.16,453.86
10/26/2021,455.96,56075120,457.20,458.49,455.56
10/25/2021,455.55,45214510,454.28,455.90,452.39
10/22/2021,453.12,58845090,453.13,454.67,451.05
10/21/2021,453.59,41305440,451.77,453.829,451.31
10/20/2021,452.41,49571570,451.13,452.732,451.01
10/19/2021,450.64,46996830,448.92,450.71,448.27
10/18/2021,447.19,62213230,443.97,447.55,443.27
10/15/2021,445.87,66260210,444.75,446.26,444.09
10/14/2021,442.50,70236830,439.08,442.66,438.58
10/13/2021,435.18,72973980,434.71,436.05,431.54
10/12/2021,433.62,71181160,435.67,436.10,432.78
10/11/2021,434.69,65233290,437.16,440.26,434.62
10/08/2021,437.86,74557400,439.48,439.89,437.19
10/07/2021,438.66,72437500,438.39,441.68,438.20
10/06/2021,434.90,113032200,429.27,435.1199,427.54
10/05/2021,433.10,90682520,430.24,435.49,429.39
10/04/2021,428.64,128570000,433.00,433.96,426.36
10/01/2021,434.24,129240100,430.98,436.0329,427.23
09/30/2021,429.14,140506000,436.02,436.77,428.78
09/29/2021,434.45,82329210,435.19,437.04,433.85
09/28/2021,433.72,130436300,439.69,440.04,432.94
09/27/2021,442.64,61371110,442.81,444.05,441.90
09/24/2021,443.91,62094840,441.44,444.67,441.21
09/23/2021,443.18,76395980,439.85,444.89,439.60
09/22/2021,437.86,102350100,436.05,440.03,433.747
09/21/2021,433.63,92526110,436.53,437.91,433.07
09/20/2021,434.04,166445500,434.88,436.56,428.86
09/17/2021,441.40,118425000,444.92,445.37,441.02
09/16/2021,447.17,77786740,447.32,448.36,444.02
09/15/2021,447.88,78792220,444.62,448.41,443.44
09/14/2021,444.17,78197140,448.12,448.34,443.22
09/13/2021,446.58,83738650,448.64,448.92,444.11
09/10/2021,445.44,89948170,451.04,451.49,445.31
09/09/2021,448.98,57970410,450.70,452.57,448.72
09/08/2021,450.91,56181910,450.89,451.67,448.86
09/07/2021,451.46,51671530,452.71,452.81,450.7423
09/03/2021,453.08,47234360,451.98,453.63,451.55
09/02/2021,453.19,42830870,453.32,454.05,451.91
09/01/2021,451.80,48721380,452.56,453.11,451.545
08/31/2021,451.56,59300210,452.13,452.49,450.92
08/30/2021,452.23,48357360,450.97,453.07,450.71
08/27/2021,450.25,77235110,447.12,450.65,447.06
08/26/2021,446.26,57829570,448.61,448.86,446.16
08/25/2021,448.91,40529710,448.17,449.457,447.77
08/24/2021,447.97,38744710,447.97,448.54,447.42
08/23/2021,447.26,54973040,445.16,448.23,443.4355
08/20/2021,443.36,72008710,440.23,443.71,439.71
08/19/2021,439.86,92812250,436.27,441.14,436.12
08/18/2021,439.18,89351930,442.96,444.625,438.92
08/17/2021,444.04,92673930,444.24,444.96,440.85
08/16/2021,446.97,73930860,444.53,447.11,442.87
08/13/2021,445.92,39470250,445.59,445.94,445.07
08/12/2021,445.11,38942420,443.62,445.2572,442.66
08/11/2021,443.78,44034340,443.82,443.882,442.62
08/10/2021,442.68,43339280,442.61,443.44,441.88
08/09/2021,442.13,41222590,442.46,442.795,441.31
08/06/2021,442.49,46930010,442.10,442.94,441.80
08/05/2021,441.76,38969660,440.22,441.85,439.88
08/04/2021,438.98,46732210,439.78,441.1243,438.73
08/03/2021,441.15,58053900,438.44,441.28,436.10
08/02/2021,437.59,58783300,440.34,440.93,437.21
07/30/2021,438.51,68951200,437.91,440.06,437.77
07/29/2021,440.65,47435340,439.815,441.80,439.81
07/28/2021,438.83,52472360,439.68,440.30,437.31
07/27/2021,439.01,67397140,439.91,439.94,435.99
07/26/2021,441.02,43719190,439.31,441.03,439.26
07/23/2021,439.94,63766640,437.52,440.30,436.79
07/22/2021,435.46,47878540,434.74,435.72,433.69
07/21/2021,434.55,64724390,432.34,434.70,431.0111
07/20/2021,431.06,99608170,425.68,432.42,424.83
07/19/2021,424.97,147987000,426.19,431.4089,421.97
07/16/2021,431.34,75874660,436.01,436.06,430.92
07/15/2021,434.75,55126360,434.81,435.53,432.72
07/14/2021,436.24,64130350,437.40,437.92,434.91
07/13/2021,435.59,52911310,436.24,437.84,435.31
07/12/2021,437.08,52889590,435.43,437.35,434.97
07/09/2021,435.52,76238580,432.53,435.84,430.714
07/08/2021,430.92,97595230,428.78,431.73,427.52
07/07/2021,434.46,63549460,433.66,434.76,431.51
07/06/2021,432.93,68710420,433.78,434.01,430.01
07/02/2021,433.72,57697670,431.67,434.10,430.5218
07/01/2021,430.43,53441030,428.87,430.60,428.80
06/30/2021,428.06,64827860,427.21,428.78,427.18
06/29/2021,427.70,35970520,427.88,428.56,427.13
06/28/2021,427.47,53159580,427.17,427.65,425.89
06/25/2021,426.61,58129530,425.90,427.0943,425.55
06/24/2021,425.10,45110290,424.89,425.55,424.62
06/23/2021,422.60,49445410,423.19,424.05,422.51
06/22/2021,423.11,57700300,420.85,424.00,420.08
06/21/2021,420.86,72822030,416.80,421.06,415.93
06/18/2021,414.92,118676300,417.09,417.8281,414.70
06/17/2021,421.97,90949660,421.67,423.02,419.32
06/16/2021,422.11,80386080,424.63,424.87,419.92
06/15/2021,424.48,51508510,425.42,425.46,423.54
06/14/2021,425.26,42358480,424.43,425.37,423.10
06/11/2021,424.31,45570830,424.20,424.43,422.82
06/10/2021,423.61,51020150,422.96,424.63,421.55
06/09/2021,421.65,48436340,423.18,423.26,421.41
06/08/2021,422.28,47134280,423.11,423.21,420.32
06/07/2021,422.19,51555030,422.59,422.78,421.19
06/04/2021,422.60,55938790,420.75,422.92,418.8422
06/03/2021,418.77,58138760,417.85,419.99,416.28
06/02/2021,420.33,49097060,420.37,421.23,419.29
06/01/2021,419.67,54216630,422.57,422.72,419.20
05/28/2021,420.04,58520160,420.97,421.25,419.79
05/27/2021,419.29,56707680,420.17,420.72,418.9851
05/26/2021,419.07,43088620,418.87,419.61,417.76
05/25/2021,418.24,57451400,420.33,420.71,417.62
05/24/2021,419.17,51376700,417.34,420.32,417.08
05/21/2021,414.94,76578660,416.87,418.20,414.45
05/20/2021,415.28,78022220,411.80,416.625,411.67
05/19/2021,410.86,106467100,406.92,411.05,405.33
05/18/2021,411.94,59810240,415.80,416.06,411.77
05/17/2021,415.52,64882410,415.39,416.39,413.36
05/14/2021,416.58,82201630,413.21,417.49,413.18
05/13/2021,410.28,106394000,407.07,412.35,407.02
05/12/2021,405.41,134811000,411.23,412.59,404.00
05/11/2021,414.21,116888000,413.10,415.27,410.06
05/10/2021,417.94,81852450,422.50,422.74,417.81
05/07/2021,422.12,67733790,419.89,422.815,419.16
05/06/2021,419.07,74321370,415.83,419.21,413.675
05/05/2021,415.75,39960660,417.38,417.63,415.15
05/04/2021,415.62,101591200,416.07,416.60,411.67
05/03/2021,418.20,68128290,419.43,419.84,417.665
04/30/2021,417.30,85527030,417.63,418.54,416.34
04/29/2021,420.06,78544330,420.32,420.72,416.44
04/28/2021,417.40,51238850,417.81,419.01,416.90
04/27/2021,417.52,51303060,417.93,418.14,416.30
04/26/2021,417.61,52182390,417.44,418.22,416.8111
04/23/2021,416.74,73276200,412.87,418.25,412.79
04/22/2021,412.27,97582790,415.89,416.78,411.13
04/21/2021,416.07,66792980,411.51,416.29,411.36
04/20/2021,412.17,81851830,413.91,415.0859,410.59
04/19/2021,415.21,78498500,416.26,416.74,413.79
04/16/2021,417.26,82037280,417.25,417.91,415.73
04/15/2021,415.87,60229840,413.74,416.16,413.69
04/14/2021,411.45,61659910,412.83,413.96,410.87
04/13/2021,412.86,56550990,411.53,413.529,411.12
04/12/2021,411.64,56704900,410.85,411.93,410.20
04/09/2021,411.49,61104560,408.39,411.67,408.26
04/08/2021,408.52,57863110,407.93,408.58,406.93
04/07/2021,406.59,55836280,405.94,406.96,405.45
04/06/2021,406.12,62020950,405.76,407.24,405.40
04/05/2021,406.36,91684760,403.46,406.94,403.38
04/01/2021,400.61,99682880,398.40,400.67,398.18
03/31/2021,396.33,112734200,395.34,398.00,395.31
03/30/2021,394.73,76262250,394.42,395.45,393.02
03/29/2021,395.78,108107600,394.40,396.75,392.81
03/26/2021,395.98,114409100,390.93,396.41,390.29
03/25/2021,389.70,116128600,385.98,390.55,383.90
03/24/2021,387.52,97588640,391.00,392.75,387.47
03/23/2021,389.50,90686550,391.91,393.46,388.66
03/22/2021,392.59,73778650,390.03,394.07,389.97
03/19/2021,389.48,113624500,389.88,391.569,387.15
03/18/2021,391.48,115349100,394.475,396.72,390.75
03/17/2021,397.26,97959270,394.53,398.12,393.30
03/16/2021,395.91,73722510,397.07,397.83,395.08
03/15/2021,396.41,73592300,394.33,396.685,392.03
03/12/2021,394.06,64653570,392.07,394.21,391.20
03/11/2021,393.53,86245040,392.23,395.65,391.74
03/10/2021,389.58,109899400,389.69,391.40,388.1702
03/09/2021,387.17,113633600,385.85,389.91,381.7299
03/08/2021,381.72,123149200,384.66,387.68,381.42
03/05/2021,383.63,152039600,380.46,384.76,372.64
03/04/2021,376.70,183433000,381.22,384.00,371.88
03/03/2021,381.42,119940200,385.79,386.83,381.31
03/02/2021,386.54,79595330,389.82,390.07,386.00
03/01/2021,389.58,105348800,385.59,390.92,380.572
02/26/2021,380.36,152701600,384.35,385.58,378.23
02/25/2021,382.33,146670500,390.41,391.88,380.7789
02/24/2021,391.77,72433950,386.33,392.23,385.27
02/23/2021,387.50,107284100,384.66,388.945,380.20
02/22/2021,387.03,67414170,387.06,389.62,386.74
02/19/2021,390.03,83240970,392.07,392.38,389.55
02/18/2021,390.72,59712770,389.59,391.515,387.74
02/17/2021,392.39,52806680,390.42,392.66,389.33
02/16/2021,392.30,50972370,393.96,394.17,391.53
02/12/2021,392.64,50593270,389.85,392.90,389.77
02/11/2021,390.71,42913290,391.24,391.69,388.10
02/10/2021,390.08,59154370,392.12,392.28,387.50
02/09/2021,390.25,35551060,389.61,390.89,389.17
02/08/2021,390.51,38365190,389.27,390.56,388.35
02/05/2021,387.71,48669770,388.20,388.47,386.1444
02/04/2021,386.19,47142560,382.96,386.24,381.9655
02/03/2021,381.85,52427090,382.435,383.70,380.48
02/02/2021,381.55,64450660,379.65,383.22,376.3181
02/01/2021,376.23,75817600,373.72,377.34,370.376
01/29/2021,370.07,126765100,375.63,376.67,368.27
01/28/2021,377.63,94198100,376.36,381.93,375.89
01/27/2021,374.41,123351100,380.22,380.32,372.01
01/26/2021,383.79,42665280,385.41,385.85,383.54
01/25/2021,384.39,70401970,383.67,384.77,378.46
01/22/2021,382.88,52136930,382.25,384.1256,381.835
01/21/2021,384.24,47955810,384.49,384.95,383.25
01/20/2021,383.89,61836060,381.11,384.79,380.69
01/19/2021,378.65,51233300,378.34,379.23,376.75
01/15/2021,375.70,107160000,376.72,377.58,373.70
01/14/2021,378.46,49989110,380.59,381.13,378.10
01/13/2021,379.79,45303620,378.69,380.86,377.85
01/12/2021,378.77,52547720,378.89,379.86,376.36
01/11/2021,378.69,51176720,377.85,380.58,377.7189
01/08/2021,381.26,71677210,380.59,381.49,377.10
01/07/2021,379.10,68766810,376.10,379.90,375.91
01/06/2021,373.55,107997700,369.71,376.98,369.12
01/05/2021,371.33,66426230,368.10,372.50,368.05
01/04/2021,368.79,110210800,375.31,375.45,364.82
12/31/2020,373.88,78520700,371.78,374.66,371.232
12/30/2020,371.99,49455260,372.34,373.10,371.57
12/29/2020,371.46,53680450,373.81,374.00,370.83
12/28/2020,372.17,39000400,371.74,372.59,371.07
12/24/2020,369.00,26457850,368.08,369.03,367.45
12/23/2020,367.57,46201400,368.28,369.62,367.2172
12/22/2020,367.24,48388460,368.21,368.3317,366.03
12/21/2020,367.86,96386750,364.97,378.46,362.03
12/18/2020,369.18,136542300,370.97,371.15,367.02
12/17/2020,372.24,64119470,371.94,372.46,371.05
12/16/2020,370.17,58420520,369.82,371.16,368.8676
12/15/2020,369.59,64071100,367.40,369.59,365.92
12/14/2020,364.66,69216170,368.64,369.80,364.47
12/11/2020,366.30,57698610,364.90,366.7402,363.26
12/10/2020,366.73,57735350,365.37,367.86,364.43
12/09/2020,366.85,74098310,370.88,371.05,365.95
12/08/2020,370.17,42458860,367.72,370.78,367.67
12/07/2020,369.09,48944270,369.02,369.62,367.72
12/04/2020,369.85,50749860,367.32,369.85,367.22
12/03/2020,366.69,62882000,366.68,368.19,365.50
12/02/2020,366.79,45927000,364.82,366.96,364.20
12/01/2020,366.02,74504970,365.57,367.68,364.93
11/30/2020,362.06,83872710,362.83,363.12,359.17
11/27/2020,363.67,28514070,363.84,364.18,362.58
11/25/2020,362.66,45330890,363.13,363.16,361.48
11/24/2020,363.22,62415880,360.21,363.81,359.29
11/23/2020,357.46,63230610,357.28,358.82,354.865
11/20/2020,355.33,70411890,357.50,357.72,355.25
11/19/2020,357.78,59940950,355.60,358.18,354.15
11/18/2020,356.28,70591300,360.91,361.50,356.24
11/17/2020,360.62,66111010,359.97,361.92,358.34
11/16/2020,362.57,74541140,360.98,362.78,359.59
11/13/2020,358.10,62959430,355.27,358.90,354.71
11/12/2020,353.21,68118560,355.58,356.7182,351.26
11/11/2020,356.67,58649050,356.40,357.56,355.06
11/10/2020,354.04,85552020,353.49,355.18,350.51
11/09/2020,354.56,172304200,363.97,364.38,354.06
11/06/2020,350.16,74972970,349.93,351.51,347.65
11/05/2020,350.24,82039750,349.24,352.19,348.86
11/04/2020,343.54,126959700,340.86,347.94,339.59
11/03/2020,336.03,93294190,333.69,338.25,330.2935
11/02/2020,330.20,86068300,330.20,332.36,327.24
10/30/2020,326.54,120448700,328.28,329.69,322.60
10/29/2020,329.98,90597690,326.91,333.395,325.09
10/28/2020,326.66,127094300,332.10,338.2483,326.13
10/27/2020,338.22,65994110,339.76,340.12,337.99
10/26/2020,339.39,91473000,342.13,342.98,335.62
10/23/2020,345.78,49143930,345.93,345.99,343.13
10/22/2020,344.61,55399290,342.96,345.24,340.65
10/21/2020,342.73,63574980,343.33,348.6847,342.40
10/20/2020,343.38,60051880,343.46,346.88,342.64
10/19/2020,342.01,68425610,348.65,349.33,341.04
10/16/2020,347.29,89501870,348.96,350.75,347.10
10/15/2020,347.50,60357660,343.71,348.02,343.13
10/14/2020,347.93,57958750,350.75,351.93,347.14
10/13/2020,350.13,73255510,352.28,352.4651,349.09
10/12/2020,352.43,80388530,349.59,354.02,349.06
10/09/2020,346.85,59528610,345.56,347.35,344.89
10/08/2020,343.78,45242480,342.85,343.85,341.86
10/07/2020,340.76,56999600,338.12,341.63,338.09
10/06/2020,334.93,90128880,339.91,342.17,334.38
10/05/2020,339.76,45713110,336.06,339.96,336.01
10/02/2020,333.84,89431110,331.70,337.0126,331.19
10/01/2020,337.04,88698750,337.69,338.74,335.01
09/30/2020,334.89,104081100,333.09,338.29,332.88
09/29/2020,332.37,51531590,333.97,334.77,331.6209
09/28/2020,334.19,64584610,333.22,334.96,332.15
09/25/2020,328.73,71069430,322.58,329.58,321.64
09/24/2020,323.50,76681330,321.22,326.797,319.80
09/23/2020,322.64,93112240,330.90,331.20,322.10
09/22/2020,330.30,63612110,328.57,330.90,325.86
09/21/2020,326.97,99450830,325.70,327.13,321.73
09/18/2020,330.65,105877900,335.37,335.49,327.97
09/17/2020,335.84,91523340,333.56,337.6996,332.991
09/16/2020,338.82,82211260,341.51,343.06,338.52
09/15/2020,340.17,52920860,341.12,342.02,338.4683
09/14/2020,338.46,65605690,337.49,340.38,334.2208
09/11/2020,334.06,84680190,335.82,336.97,331.00
09/10/2020,333.89,90569550,341.82,342.53,332.85
09/09/2020,339.79,91462290,337.55,342.46,336.61
09/08/2020,333.21,114465300,336.71,342.64,332.88
09/04/2020,342.57,139156300,346.13,347.83,334.87
09/03/2020,345.39,148011100,355.87,356.38,342.59
09/02/2020,357.70,69540040,354.67,358.75,353.43
09/01/2020,352.60,54999330,350.21,352.71,349.24
08/31/2020,349.31,66099180,350.35,351.30,349.06
08/28/2020,350.58,48588940,349.44,350.72,348.15
08/27/2020,348.33,58034140,348.51,349.90,346.53
08/26/2020,347.57,50790240,344.76,347.86,344.17
08/25/2020,344.12,38463380,343.53,344.21,342.27
08/24/2020,342.92,48588660,342.12,343.00,339.4504
08/21/2020,339.48,55106630,337.92,339.72,337.55
08/20/2020,338.28,42207830,335.36,338.80,335.22
08/19/2020,337.23,68054240,339.05,339.61,336.62
08/18/2020,338.64,38733910,338.34,339.10,336.61
08/17/2020,337.91,35480970,337.94,338.34,336.8517
08/14/2020,336.84,47260390,336.41,337.42,335.62
08/13/2020,336.83,41816150,336.61,338.2514,335.83
08/12/2020,337.44,53826130,335.44,338.28,332.8377
08/11/2020,332.80,69601090,336.85,337.54,332.01
08/10/2020,335.57,44282090,335.06,335.77,332.955
08/07/2020,334.57,57308270,333.28,334.88,332.30
08/06/2020,334.33,43679450,331.48,334.46,331.13
08/05/2020,332.11,42866350,331.47,332.39,331.18
08/04/2020,330.06,41917890,327.86,330.06,327.86
08/03/2020,328.79,53077950,328.32,329.62,327.73
07/31/2020,326.52,85210760,325.90,326.63,321.33
07/30/2020,323.96,61861710,321.90,324.41,319.64
07/29/2020,325.12,48454160,322.12,325.73,322.075
07/28/2020,321.17,57494980,322.43,323.64,320.85
07/27/2020,323.22,48292970,321.63,323.41,320.775
07/24/2020,320.88,73766600,320.95,321.99,319.246
07/23/2020,322.96,75737990,326.47,327.23,321.48
07/22/2020,326.86,57792920,324.62,327.20,324.50
07/21/2020,325.01,57498970,326.45,326.93,323.94
07/20/2020,324.32,56308850,321.43,325.13,320.62
07/17/2020,321.72,62774910,321.88,322.57,319.735
07/16/2020,320.79,54622520,319.79,321.28,319.09
07/15/2020,321.85,87196520,322.41,323.04,319.265
07/14/2020,318.92,93656950,313.30,319.76,312.00
07/13/2020,314.84,102997500,320.13,322.71,314.13
07/10/2020,317.59,57550370,314.31,317.88,312.76
07/09/2020,314.38,83354160,316.84,317.10,310.68
07/08/2020,316.18,54638600,314.61,316.30,312.70
07/07/2020,313.78,82909960,315.38,317.52,313.37
07/06/2020,317.05,61713830,316.37,317.68,315.56
07/02/2020,312.23,69344220,314.24,315.70,311.51
07/01/2020,310.52,72396540,309.57,311.89,309.07
06/30/2020,308.36,113394800,303.99,310.20,303.82
06/29/2020,304.46,79773260,301.41,304.61,298.93
06/26/2020,300.05,127961000,306.16,306.39,299.42
06/25/2020,307.35,89467970,303.47,307.64,301.28
06/24/2020,304.09,132813500,309.84,310.51,302.10
06/23/2020,312.05,68471250,313.49,314.50,311.6101
06/22/2020,310.62,74649390,307.99,311.05,306.75
06/19/2020,308.64,135549600,314.17,314.38,306.53
06/18/2020,311.78,80828660,310.005,312.30,309.51
06/17/2020,311.66,83398940,314.07,314.39,310.86
06/16/2020,312.96,137627500,315.48,315.64,307.67
06/15/2020,307.05,135782700,298.02,308.28,296.74
06/12/2020,304.21,194678900,308.24,309.08,298.60
06/11/2020,300.61,209243600,311.46,312.15,300.01
06/10/2020,319.00,95000770,321.42,322.39,318.2209
06/09/2020,320.79,77479230,320.30,323.2849,319.36
06/08/2020,323.20,73641220,320.22,323.41,319.63
06/05/2020,319.34,150524700,317.23,321.275,317.16
06/04/2020,311.36,75794360,311.11,313.00,309.08
06/03/2020,312.18,92567570,310.24,313.22,309.94
06/02/2020,308.08,74267160,306.55,308.13,305.10
06/01/2020,305.55,56779840,303.62,306.205,303.06
05/29/2020,304.32,119265700,302.46,304.96,299.47
05/28/2020,302.97,90767810,304.65,306.84,302.24
05/27/2020,303.53,104817400,302.12,303.57,296.87
05/26/2020,299.08,88951440,301.93,302.19,295.4646
05/22/2020,295.44,63958200,294.57,295.63,293.22
05/21/2020,294.88,78293930,296.79,297.67,293.6886
05/20/2020,296.93,85861690,295.82,297.87,295.57
05/19/2020,291.97,95189320,294.35,296.205,291.95
05/18/2020,295.00,120320200,293.05,296.75,292.70
05/15/2020,286.28,111146300,282.37,286.33,281.34
05/14/2020,284.97,121977900,278.95,285.11,272.99
05/13/2020,281.60,144721100,286.06,287.19,278.965
05/12/2020,286.67,95870790,293.79,294.24,286.52
05/11/2020,292.50,79514230,290.34,294.00,289.88
05/08/2020,292.44,76622130,291.09,292.95,289.86
05/07/2020,287.68,75250410,287.75,289.78,287.13
05/06/2020,284.25,73632630,288.04,288.46,283.78
05/05/2020,286.19,79569940,286.64,289.25,283.7134
05/04/2020,283.57,80873210,280.74,283.90,279.13
05/01/2020,282.79,125180000,285.31,290.6572,281.52
04/30/2020,290.48,122901700,291.71,293.3239,288.59
04/29/2020,293.21,118745600,291.53,294.88,290.41
04/28/2020,285.73,105270000,291.02,291.40,285.40
04/27/2020,287.05,77896610,285.12,288.27,284.62
04/24/2020,282.97,85165950,280.73,283.70,278.50
04/23/2020,279.08,104709700,280.49,283.94,278.75
04/22/2020,279.10,93524580,278.35,281.00,276.91
04/21/2020,273.04,126385700,276.73,278.04,272.02
04/20/2020,281.59,100109300,282.61,286.7912,281.35
04/17/2020,286.64,146684800,285.38,287.30,282.40
04/16/2020,279.10,131798300,279.15,280.03,275.76
04/15/2020,277.76,121775000,277.57,283.9407,275.46
04/14/2020,283.79,134143400,280.98,284.90,275.5106
04/13/2020,275.66,114839100,277.14,277.51,271.41
04/09/2020,278.20,190282700,277.58,281.20,275.47
04/08/2020,274.03,153774500,267.96,276.00,265.2542
04/07/2020,265.13,201427200,274.21,275.03,264.89
04/06/2020,264.86,188061200,257.84,267.00,248.1698
04/03/2020,248.19,135561200,250.76,253.32,245.22
04/02/2020,251.83,177660400,245.19,252.68,244.59
04/01/2020,246.15,189554600,247.98,257.6591,243.90
03/31/2020,257.75,194881100,260.56,263.33,256.22
03/30/2020,261.65,170961900,255.70,262.43,253.53
03/27/2020,253.42,224341200,253.27,260.81,251.05
03/26/2020,261.20,257632800,249.52,262.80,249.05
03/25/2020,246.79,299430300,244.87,256.35,239.75
03/24/2020,243.15,235494500,234.42,244.10,233.80
03/23/2020,222.95,326025200,228.19,229.6833,218.26
03/20/2020,228.80,347158800,242.53,244.47,228.50
03/19/2020,240.51,289322000,239.25,247.38,232.22
03/18/2020,240.00,327597100,236.25,248.37,228.02
03/17/2020,252.80,262070500,245.04,256.17,237.07
03/16/2020,239.85,297240000,241.18,256.90,237.36
03/13/2020,269.32,329566100,263.09,271.4754,248.5237
03/12/2020,248.11,392220700,256.00,266.66,247.68
03/11/2020,274.36,256416600,280.70,281.94,270.88
03/10/2020,288.42,276444100,284.64,288.52,273.50
03/09/2020,274.23,309417300,275.30,284.19,273.45
03/06/2020,297.46,228667200,293.15,298.78,290.23
03/05/2020,302.46,186366800,304.98,308.47,300.01
03/04/2020,312.86,176613400,306.12,313.10,303.33
03/03/2020,300.24,300139100,309.50,313.84,297.57
03/02/2020,309.09,238703600,298.21,309.16,294.46
02/28/2020,296.26,385764000,288.70,297.892,285.54
02/27/2020,297.51,284353500,305.46,311.5637,297.51
02/26/2020,311.50,194773800,314.18,318.11,310.70
02/25/2020,312.65,218913200,323.94,324.61,311.69
02/24/2020,322.42,161088400,323.14,333.5623,321.24
02/21/2020,333.48,113788200,335.47,335.81,332.58
02/20/2020,336.95,74163360,337.7423,338.64,333.6817
02/19/2020,338.34,48814690,337.79,339.08,337.48
02/18/2020,336.73,57342530,336.51,337.6677,335.21
02/14/2020,337.60,64582210,337.51,337.73,336.20
02/13/2020,337.06,54501920,335.862,338.12,335.56
02/12/2020,337.42,43992660,336.83,337.65,336.43
02/11/2020,335.26,54864530,336.16,337.02,334.684
02/10/2020,334.68,42070010,331.23,334.75,331.19
02/07/2020,332.20,64139440,332.82,333.9941,331.60
02/06/2020,333.98,50359690,333.91,334.19,332.80
02/05/2020,332.86,65951150,332.27,333.09,330.67
02/04/2020,329.06,62573190,328.07,330.01,327.72
02/03/2020,324.12,69242290,323.35,326.16,323.22
01/31/2020,321.73,113845600,327.00,327.17,320.73
01/30/2020,327.68,75491840,324.36,327.91,323.54
01/29/2020,326.62,54040890,328.38,328.63,326.40
01/28/2020,326.89,63833950,325.06,327.85,323.6038
01/27/2020,323.50,84062460,323.03,325.12,322.66
01/24/2020,328.77,87578440,332.44,332.53,327.36
01/23/2020,331.72,51962990,330.63,332.1682,329.41
01/22/2020,331.34,48914900,332.24,332.95,331.17
01/21/2020,331.30,77742420,330.90,332.18,330.82
01/17/2020,331.95,95846020,331.70,332.18,330.8539
01/16/2020,330.92,54050330,329.70,330.92,329.45
01/15/2020,328.19,72056600,327.35,329.02,327.26
01/14/2020,327.45,63036380,327.47,328.62,326.844
01/13/2020,327.95,47262010,326.39,327.96,325.92
01/10/2020,325.71,53057390,327.29,327.46,325.20
01/09/2020,326.65,48569600,326.16,326.73,325.52
01/08/2020,324.45,68434150,322.94,325.78,322.67
01/07/2020,322.73,42854810,323.02,323.54,322.24
01/06/2020,323.64,55761950,320.49,323.73,320.36
01/03/2020,322.41,77783120,321.16,323.64,321.10
01/02/2020,324.87,59253830,323.54,324.89,322.53
12/31/2019,321.86,57107000,320.53,322.13,320.15
12/30/2019,321.08,49782730,322.95,323.10,320.55
12/27/2019,322.86,42554820,323.74,323.80,322.28
12/26/2019,322.94,31024190,321.65,322.95,321.64
12/24/2019,321.23,20270010,321.47,321.52,320.90
12/23/2019,321.22,53015640,321.59,321.65,321.06
12/20/2019,320.73,149338200,320.46,321.9742,319.3873
12/19/2019,320.90,85388420,319.80,320.98,319.5246
12/18/2019,319.59,48199960,320.00,320.25,319.53
12/17/2019,319.57,61131770,319.92,320.25,319.48
12/16/2019,319.50,82836130,319.22,320.15,317.2542
12/13/2019,317.32,81546490,316.87,318.67,316.02
12/12/2019,317.13,96585800,314.43,317.99,314.17
12/11/2019,314.42,53521450,314.03,314.70,313.4393
12/10/2019,313.53,53107130,313.82,314.55,312.81
12/09/2019,313.88,34904320,314.44,315.18,313.80
12/06/2019,314.87,48956770,314.12,315.31,314.11
12/05/2019,312.02,40781670,312.23,312.25,310.58
12/04/2019,311.46,49190400,310.70,312.12,310.32
12/03/2019,309.55,75172710,308.65,309.64,307.13
12/02/2019,311.64,76110030,314.59,314.66,311.17
11/29/2019,314.31,36592740,314.86,315.13,314.06
11/27/2019,315.48,44793180,314.61,315.48,314.37
11/26/2019,314.08,37727950,313.41,314.28,313.06
11/25/2019,313.37,48762680,311.98,313.37,311.98
11/22/2019,310.96,44850230,311.09,311.24,309.85
11/21/2019,310.27,54664690,310.89,311.01,309.39
11/20/2019,310.77,79696280,311.28,311.85,309.06
11/19/2019,311.93,67927820,312.68,312.69,311.22
11/18/2019,312.02,49327980,311.53,312.28,311.03
11/15/2019,311.79,62706190,311.02,311.84,310.26
11/14/2019,309.55,52001870,308.79,309.64,308.09
11/13/2019,309.10,54459020,307.91,309.54,307.66
11/12/2019,309.00,46484620,308.75,309.99,308.15
11/11/2019,308.35,35934910,307.42,308.54,307.27
11/08/2019,308.94,49068800,307.80,309.0036,307.03
11/07/2019,308.18,54272270,308.57,309.65,307.66
11/06/2019,307.10,46487110,307.03,307.40,306.06
11/05/2019,307.03,42933220,307.59,307.9195,306.71
11/04/2019,307.37,60606920,307.85,308.00,306.96
11/01/2019,306.14,71141520,304.92,306.19,304.74
10/31/2019,303.33,69053790,304.13,304.13,301.73
10/30/2019,304.14,49643930,303.43,304.55,301.99
10/29/2019,303.21,44284920,303.00,304.23,302.86
10/28/2019,303.30,42146970,302.94,303.85,302.91
10/25/2019,301.60,45205410,299.74,302.20,299.6806
10/24/2019,300.37,35857460,300.91,301.07,299.4601
10/23/2019,299.88,34991830,298.73,299.94,298.495
10/22/2019,299.01,49126040,300.58,300.90,298.91
10/21/2019,299.99,39460900,299.42,300.21,298.935
10/18/2019,297.97,64338030,298.69,299.395,296.99
10/17/2019,299.28,46784890,299.68,300.24,298.515
10/16/2019,298.40,50563600,298.37,299.16,297.92
10/15/2019,298.88,47832360,297.10,299.70,296.97
10/14/2019,295.95,40546670,295.93,296.67,295.57
10/11/2019,296.28,101228600,296.27,298.74,296.1448
10/10/2019,293.24,57255970,291.18,294.21,291.00
10/09/2019,291.27,65707330,290.75,292.30,288.6559
10/08/2019,288.53,101575500,291.04,291.85,288.49
10/07/2019,293.08,60656560,293.47,295.26,292.77
10/04/2019,294.35,66700680,291.14,294.63,290.82
10/03/2019,290.42,85906800,287.81,290.45,284.82
10/02/2019,288.06,124524000,291.50,291.51,286.64
10/01/2019,293.24,89900420,297.74,298.455,293.00
09/30/2019,296.77,52562760,295.97,297.55,295.92
09/27/2019,295.40,84781110,297.83,297.9465,293.69
09/26/2019,297.00,58722360,297.63,297.86,295.45
09/25/2019,297.62,73434080,295.96,298.11,294.33
09/24/2019,295.87,97367570,299.41,299.84,294.81
09/23/2019,298.21,47541320,297.55,299.00,297.27
09/20/2019,298.28,97455980,300.36,300.67,297.41
09/19/2019,301.08,78099220,301.53,302.63,300.7103
09/18/2019,301.10,74192090,300.49,301.22,298.24
09/17/2019,300.92,42904430,299.94,301.02,299.75
09/16/2019,300.16,58191180,299.84,301.1378,299.45
09/13/2019,301.09,62104840,301.78,302.17,300.68
09/12/2019,301.29,72908750,301.25,302.46,300.41
09/11/2019,300.25,68821070,298.47,300.34,297.75
09/10/2019,298.13,57947100,297.36,298.20,295.97
09/09/2019,298.20,51260290,299.14,299.24,297.16
09/06/2019,298.05,49584290,298.17,298.76,297.42
09/05/2019,297.82,83356780,296.79,298.83,294.001
09/04/2019,294.04,47003960,293.14,294.055,292.31
09/03/2019,290.74,69231880,290.57,291.58,289.27
08/30/2019,292.45,62961780,294.22,294.2399,291.42
08/29/2019,292.58,57998910,291.72,293.16,290.61
08/28/2019,288.89,59852320,286.14,289.07,285.25
08/27/2019,286.87,68263000,289.54,289.95,286.03
08/26/2019,288.00,72620600,287.27,288.00,285.58
08/23/2019,284.85,149318200,290.92,292.76,283.47
08/22/2019,292.36,51739290,293.23,293.93,290.40
08/21/2019,292.45,49723430,292.48,292.86,291.72
08/20/2019,290.09,51652750,291.77,292.36,289.95
08/19/2019,292.33,53640150,292.19,293.08,291.44
08/16/2019,288.85,85825290,286.48,289.33,284.7138
08/15/2019,284.65,101929800,284.88,285.64,282.39
08/14/2019,283.90,135622100,288.07,292.4644,283.76
08/13/2019,292.55,94792970,287.74,294.15,287.36
08/12/2019,288.07,65527630,289.96,291.6052,287.02
08/09/2019,291.62,93729960,292.58,293.24,289.65
08/08/2019,293.62,87713900,289.62,293.62,289.01
08/07/2019,287.97,140572300,284.40,288.82,282.04
08/06/2019,287.80,120711700,285.91,288.04,284.28
08/05/2019,283.82,178745400,288.09,288.21,281.72
08/02/2019,292.62,116749700,293.85,294.12,290.90
08/01/2019,294.84,142646600,297.60,300.87,293.96
07/31/2019,297.43,104245200,300.99,301.20,295.20
07/30/2019,300.72,45849050,299.91,301.17,299.49
07/29/2019,301.46,38126460,301.88,301.93,300.85
07/26/2019,302.01,45084080,300.76,302.23,300.62
07/25/2019,300.00,55394090,300.94,301.00,299.11
07/24/2019,301.44,47213230,299.19,301.44,299.09
07/23/2019,300.03,44657970,299.14,300.03,298.22
07/22/2019,297.90,43687400,297.61,298.50,297.04
07/19/2019,297.17,71081240,300.04,300.07,296.96
07/18/2019,298.83,51701690,297.19,299.25,296.70
07/17/2019,297.74,44102440,299.75,299.93,297.74
07/16/2019,299.71,40567960,300.65,300.88,299.44
07/15/2019,300.75,33910260,301.13,301.13,300.19
07/12/2019,300.65,40354410,299.85,300.73,299.51
07/11/2019,299.31,50889480,299.32,299.58,298.20
07/10/2019,298.61,58595560,298.37,299.66,297.78
07/09/2019,297.19,41101280,295.54,297.52,295.48
07/08/2019,296.82,45841770,297.01,298.2579,296.22
07/05/2019,298.46,51677330,297.44,298.64,296.01
07/03/2019,298.80,40898900,297.18,298.82,297.02
07/02/2019,296.43,61504540,295.61,296.49,294.68
07/01/2019,295.66,79107470,296.68,296.92,294.33
06/28/2019,293.00,59350930,292.58,293.55,292.01
06/27/2019,291.50,40355240,291.31,292.06,290.89
06/26/2019,290.47,51584900,291.75,292.31,290.345
06/25/2019,290.76,82028660,293.70,293.73,290.64
06/24/2019,293.64,47582730,294.23,294.58,293.47
06/21/2019,294.00,83309470,294.13,295.52,293.76
06/20/2019,295.86,116570000,296.04,296.3093,293.1255
06/19/2019,293.06,78674380,292.55,293.65,291.47
06/18/2019,292.40,85434820,291.39,293.57,290.99
06/17/2019,289.37,39205710,289.52,290.22,289.18
06/14/2019,289.26,52324720,289.26,289.93,288.41
06/13/2019,289.58,48945160,289.40,289.98,288.62
06/12/2019,288.39,47096310,288.64,289.26,287.815
06/11/2019,288.90,58641330,290.99,291.40,288.1805
06/10/2019,288.97,60799050,289.37,290.82,288.8734
06/07/2019,287.65,74272200,285.93,288.85,285.74
06/06/2019,284.80,69430380,283.29,285.55,282.57
06/05/2019,282.96,71169720,282.33,282.99,280.32
06/04/2019,280.53,77231890,277.12,280.68,276.62
06/03/2019,274.57,96427950,275.31,276.5521,273.09
05/31/2019,275.27,86862780,276.20,277.12,275.24
05/30/2019,279.03,62523780,279.11,280.04,277.805
05/29/2019,278.27,104972900,278.91,279.36,276.71
05/28/2019,280.15,70029360,283.09,284.15,280.13
05/24/2019,282.78,55268100,283.74,284.20,282.09
05/23/2019,282.14,98733850,283.16,283.21,280.57
05/22/2019,285.63,49482470,285.45,286.69,285.10
05/21/2019,286.51,46847090,285.83,286.93,285.55
05/20/2019,283.95,62877610,284.06,285.43,283.12
05/17/2019,285.84,100353000,285.14,288.60,285.1207
05/16/2019,287.70,76749640,285.84,289.21,285.76
05/15/2019,285.06,73956410,281.59,285.77,281.36
05/14/2019,283.40,77003230,281.99,285.10,281.85
05/13/2019,280.86,127290500,282.42,283.49,279.93
05/10/2019,288.10,112429300,285.62,288.94,282.30
05/09/2019,286.66,103471100,285.23,287.33,283.30
05/08/2019,287.53,91568290,287.53,289.43,286.87
05/07/2019,287.93,144729900,290.15,290.81,285.81
05/06/2019,292.82,107198100,289.25,293.31,288.90
05/03/2019,294.03,56543650,292.82,294.34,291.2998
05/02/2019,291.18,65030170,291.68,292.70,289.52
05/01/2019,291.81,71671870,294.72,294.95,291.80
04/30/2019,294.02,78594690,293.49,294.34,291.92
04/29/2019,293.87,57043380,293.51,294.45,293.41
04/26/2019,293.41,50868100,292.10,293.49,291.2401
04/25/2019,292.05,57578550,292.12,292.78,290.73
04/24/2019,292.23,49470960,292.79,293.16,292.07
04/23/2019,292.88,52136160,290.68,293.14,290.42
04/22/2019,290.27,39992680,289.17,290.435,289.07
04/18/2019,290.02,68662280,290.10,290.32,288.66
04/17/2019,289.45,58028490,291.40,291.425,288.99
04/16/2019,290.16,52066270,290.95,291.01,289.50
04/15/2019,289.97,49795630,290.24,290.35,289.075
04/12/2019,290.16,69638530,290.00,290.47,288.261
04/11/2019,288.21,54940520,288.83,288.84,287.578
04/10/2019,288.29,52463390,287.77,288.3899,287.31
04/09/2019,287.31,66072820,287.72,288.08,286.70
04/08/2019,288.79,53462150,288.10,288.91,287.37
04/05/2019,288.57,58454610,287.92,288.63,287.60
04/04/2019,287.18,48868830,286.78,287.459,286.01
04/03/2019,286.42,68027480,287.32,287.76,285.75
04/02/2019,285.97,39939210,286.04,286.23,285.09
04/01/2019,285.83,77289510,284.70,286.16,284.40
03/29/2019,282.48,81882480,282.39,282.84,281.14
03/28/2019,280.71,55987830,280.35,281.21,279.07
03/27/2019,279.65,72092750,281.11,281.76,277.93
03/26/2019,281.12,67884060,280.99,282.18,279.56
03/25/2019,279.04,84898680,278.87,280.1853,277.64
03/22/2019,279.25,122400900,283.22,283.8034,279.18
03/21/2019,284.73,79394020,280.64,285.18,280.59
03/20/2019,281.55,84349430,282.16,283.50,280.32
03/19/2019,282.40,90060530,283.51,284.36,281.41
03/18/2019,282.33,61813150,281.55,282.66,281.30
03/15/2019,281.31,80558110,280.54,282.21,280.33
03/14/2019,281.16,67354180,281.37,281.84,280.6662
03/13/2019,281.34,80111580,280.48,282.38,280.30
03/12/2019,279.49,79432230,279.06,280.07,278.85
03/11/2019,278.44,64752480,275.26,278.62,275.23
03/08/2019,274.46,85634780,272.94,274.65,272.42
03/07/2019,275.01,94692650,276.83,276.99,274.07
03/06/2019,277.33,74824560,279.15,279.16,276.97
03/05/2019,279.02,58813100,279.54,279.76,278.41
03/04/2019,279.40,106181700,281.60,281.87,276.84
03/01/2019,280.42,77586110,280.44,280.88,278.82
02/28/2019,278.68,69048080,278.96,279.45,278.32
02/27/2019,279.20,56131350,278.52,279.59,277.48
02/26/2019,279.32,56491990,279.13,280.30,278.90
02/25/2019,279.52,68642630,280.73,281.31,279.43
02/22/2019,279.14,77132070,278.11,279.36,277.4029
02/21/2019,277.42,63984460,277.70,278.10,276.345
02/20/2019,278.41,76479570,277.81,278.92,277.25
02/19/2019,277.85,58802310,276.481,278.58,276.47
02/15/2019,277.37,96744830,276.36,277.41,276.13
02/14/2019,274.38,82409970,273.78,275.64,272.87
02/13/2019,274.99,64930780,275.03,275.93,274.56
02/12/2019,274.10,71990420,272.42,274.52,272.34
02/11/2019,270.62,67807910,271.20,271.49,270.03
02/08/2019,270.47,75742440,268.75,270.58,267.83
02/07/2019,270.14,95030290,270.94,271.55,268.29
02/06/2019,272.74,58009950,272.79,273.34,271.92
02/05/2019,273.10,79447070,272.44,273.44,271.88
02/04/2019,271.96,60610790,270.11,272.03,269.36
02/01/2019,270.06,85738850,270.15,271.20,269.18
01/31/2019,269.93,103347200,267.51,270.47,267.27
01/30/2019,267.58,92069900,265.10,268.52,264.25
01/29/2019,263.41,65024130,263.92,264.55,262.48
01/28/2019,263.76,85027280,263.39,263.83,261.79
01/25/2019,265.78,96838230,265.61,266.70,263.6595
01/24/2019,263.55,58643080,263.21,264.20,262.08
01/23/2019,263.41,84305190,264.01,264.79,260.66
01/22/2019,262.86,115253300,264.82,265.06,261.06
01/18/2019,266.46,124175900,264.98,266.98,262.998
01/17/2019,262.96,94873800,260.01,263.92,259.96
01/16/2019,260.98,77489420,260.83,261.9666,260.60
01/15/2019,260.35,84892580,257.82,260.70,257.81
01/14/2019,257.40,69913980,256.86,258.30,256.41
01/11/2019,258.98,72812270,257.68,259.0098,257.03
01/10/2019,258.88,96462500,256.26,259.16,255.50
01/09/2019,257.97,94640560,257.56,258.91,256.19
01/08/2019,256.77,101804900,256.82,257.31,254.00
01/07/2019,254.38,102307400,252.69,255.95,251.69
01/04/2019,252.39,142444500,247.59,253.11,247.17
01/03/2019,244.21,142029300,248.23,248.57,243.67
01/02/2019,250.18,126041700,245.98,251.21,245.95
12/31/2018,249.92,143399900,249.56,250.19,247.47
12/28/2018,247.75,152931300,249.58,251.40,246.45
12/27/2018,248.07,184664900,242.57,248.29,238.96
12/26/2018,246.18,217567600,235.97,246.18,233.76
12/24/2018,234.34,147311600,239.04,240.8355,234.27
12/21/2018,240.70,252779300,246.74,249.71,239.98
12/20/2018,247.17,247438000,249.86,251.62,244.65
12/19/2018,251.26,214312900,255.17,259.40,249.35
12/18/2018,255.08,133073600,257.20,257.95,253.28
12/17/2018,255.36,165088800,259.40,260.65,253.525
12/14/2018,260.47,116727700,262.96,264.03,259.85
12/13/2018,265.37,96168730,266.52,267.49,264.12
12/12/2018,265.46,97670090,267.47,269.00,265.37
12/11/2018,264.13,120632500,267.66,267.87,262.48
12/10/2018,264.07,151022400,263.37,265.1613,258.62
12/07/2018,263.57,160872400,269.46,271.22,262.63
12/06/2018,269.84,203716500,265.92,269.97,262.44
12/04/2018,270.25,176092500,278.37,278.85,269.90
12/03/2018,279.30,102782300,280.28,280.40,277.505
11/30/2018,275.65,95107720,273.81,276.28,273.45
11/29/2018,273.98,81616860,273.71,275.55,272.43
11/28/2018,274.58,127124600,269.60,274.58,268.3272
11/27/2018,268.40,75273810,266.34,268.40,265.66
11/26/2018,267.50,79705470,265.78,267.75,265.34
11/23/2018,263.25,42807880,263.18,264.8234,263.07
11/21/2018,265.02,73868530,265.86,267.15,265.01
11/20/2018,264.12,135506200,265.36,267.00,263.15
11/19/2018,269.10,102555300,273.05,273.38,268.07
11/16/2018,273.73,126601900,271.79,274.75,271.21
11/15/2018,273.02,134732600,268.78,273.54,267.0102
11/14/2018,270.20,124389400,274.16,274.61,268.45
11/13/2018,272.06,97769120,273.09,275.325,271.25
11/12/2018,272.57,99129960,277.19,277.46,271.99
11/09/2018,277.76,98751520,279.03,279.24,276.18
11/08/2018,280.50,65315460,280.11,281.22,279.22
11/07/2018,281.01,102473700,277.56,281.10,277.08
11/06/2018,275.12,58983590,273.32,275.30,273.25
11/05/2018,273.39,65439740,272.44,274.01,271.35
11/02/2018,271.89,122439600,274.75,275.23,269.59
11/01/2018,273.51,98741380,271.60,273.73,270.38
10/31/2018,270.63,127608600,270.65,273.23,270.12
10/30/2018,267.77,156591000,263.67,268.12,263.12
10/29/2018,263.86,159000800,268.80,270.25,259.85
10/26/2018,265.33,201334300,265.92,271.00,262.29
10/25/2018,270.08,137407500,267.38,271.81,266.23
10/24/2018,265.32,175529100,273.33,273.76,264.70
10/23/2018,273.61,145303800,270.95,274.87,268.61
10/22/2018,275.01,82135740,277.00,277.36,274.41
10/19/2018,276.25,139420600,277.13,279.30,275.47
10/18/2018,276.40,134193100,279.40,280.07,274.97
10/17/2018,280.45,110264900,280.44,281.15,277.56
10/16/2018,280.40,118066700,276.60,280.82,276.07
10/15/2018,274.40,101950500,275.55,277.04,274.30
10/12/2018,275.95,182875500,276.77,277.09,272.37
10/11/2018,272.17,272817700,277.08,278.90,270.36
10/10/2018,278.30,211986800,286.83,286.91,277.88
10/09/2018,287.40,74119800,287.39,288.86,286.77
10/08/2018,287.82,87632150,287.05,288.22,285.50
10/05/2018,287.82,105802000,289.69,290.27,286.22
10/04/2018,289.44,111364900,291.18,291.24,287.66
10/03/2018,291.72,64562270,292.74,293.21,291.32
10/02/2018,291.56,47142170,291.56,292.355,291.14
10/01/2018,291.73,61989950,292.11,292.93,290.98
09/28/2018,290.72,70041610,289.99,291.28,289.95
09/27/2018,290.69,59169340,290.41,291.91,290.10
09/26/2018,289.88,79534430,290.91,292.24,289.41
09/25/2018,290.75,44311990,291.53,291.65,290.4833
09/24/2018,291.02,53235550,291.34,291.50,290.37
09/21/2018,291.99,105393700,293.09,293.22,291.81
09/20/2018,293.58,100066700,292.64,293.94,291.2363
09/19/2018,291.22,48973100,290.97,291.69,290.825
09/18/2018,290.91,61839370,289.58,291.58,289.55
09/17/2018,289.34,67988580,290.82,290.86,289.03
09/14/2018,290.88,54931910,291.06,291.27,290.00
09/13/2018,290.83,50918630,290.32,291.0384,289.995
09/12/2018,289.12,59732730,289.06,289.80,288.23
09/11/2018,289.05,50392160,287.37,289.55,286.975
09/10/2018,288.10,49916740,288.74,289.04,287.88
09/07/2018,287.60,72113310,286.98,288.70,286.71
09/06/2018,288.16,65822170,289.15,289.49,287.00
09/05/2018,289.03,71962480,289.41,289.64,287.89
09/04/2018,289.81,57127320,289.84,290.21,288.68
08/31/2018,290.31,65239910,289.84,290.81,289.29
08/30/2018,290.30,61132280,290.94,291.36,289.63
08/29/2018,291.48,61428440,290.16,291.74,289.8854
08/28/2018,289.92,46825850,290.30,290.4175,289.40
08/27/2018,289.78,56960210,288.86,289.90,288.68
08/24/2018,287.51,57455140,286.44,287.67,286.38
08/23/2018,285.79,49159070,285.97,286.94,285.43
08/22/2018,286.17,44860080,285.88,286.76,285.575
08/21/2018,286.34,66735600,286.25,287.31,285.7135
08/20/2018,285.67,39617170,285.57,285.97,285.06
08/17/2018,285.06,65486180,283.83,285.5601,283.37
08/16/2018,284.06,69735140,283.40,285.04,283.36
08/15/2018,281.78,102770900,282.38,282.54,280.16
08/14/2018,283.90,43699800,282.92,284.17,282.4833
08/13/2018,282.10,65603520,283.47,284.16,281.77
08/10/2018,283.16,76861430,283.45,284.055,282.36
08/09/2018,285.07,35577000,285.53,285.97,284.915
08/08/2018,285.46,41980470,285.39,285.91,284.94
08/07/2018,285.58,43055550,285.39,286.01,285.24
08/06/2018,284.64,39089820,283.64,284.99,283.2015
08/03/2018,283.60,53903840,282.53,283.6577,282.33
08/02/2018,282.39,63362570,279.39,282.58,279.16
08/01/2018,280.86,53750270,281.56,282.13,280.1315
07/31/2018,281.33,68048690,280.81,282.02,280.38
07/30/2018,279.95,63129490,281.51,281.69,279.36
07/27/2018,281.42,76745550,283.71,283.82,280.38
07/26/2018,283.34,57764990,283.20,284.11,283.09
07/25/2018,284.01,78136310,281.33,284.37,281.28
07/24/2018,281.61,67830670,281.79,282.56,280.63
07/23/2018,280.20,46971110,279.45,280.43,279.06
07/20/2018,279.68,83120620,279.77,280.48,279.50
07/19/2018,280.00,61337540,280.31,280.74,279.46
07/18/2018,281.06,44475860,280.56,281.18,280.06
07/17/2018,280.47,52171530,278.47,280.91,278.41
07/16/2018,279.34,48070320,279.64,279.803,278.84
07/13/2018,279.59,48211510,279.17,279.93,278.66
07/12/2018,279.37,59986150,278.28,279.43,277.60
07/11/2018,276.86,76905490,277.15,278.04,276.52
07/10/2018,278.90,51162450,278.41,279.01,278.08
07/09/2018,277.90,49652160,276.55,277.96,276.50
07/06/2018,275.42,66414600,273.14,275.84,272.715
07/05/2018,273.11,56621680,272.17,273.18,270.96
07/03/2018,270.90,42187070,272.87,272.98,270.42
07/02/2018,271.86,63370550,269.51,272.04,269.24
06/29/2018,271.28,97444490,272.12,273.66,271.1495
06/28/2018,270.89,76511740,269.29,271.75,268.49
06/27/2018,269.35,104838900,272.26,273.865,269.18
06/26/2018,271.60,68525150,271.64,272.56,270.79
06/25/2018,271.00,137668700,273.44,273.6162,269.10
06/22/2018,274.74,56516380,275.66,275.785,274.49
06/21/2018,274.24,70864990,275.96,275.98,273.68
06/20/2018,275.97,53652060,276.27,276.72,275.59
06/19/2018,275.50,97395160,274.00,275.75,273.53
06/18/2018,276.56,52549580,275.49,276.70,274.95
06/15/2018,277.13,119448800,276.60,277.51,275.35
06/14/2018,278.73,76394330,279.01,279.33,278.0599
06/13/2018,278.03,78889800,279.19,279.48,277.80
06/12/2018,278.92,72240090,279.03,279.33,278.19
06/11/2018,278.56,58757260,278.44,279.37,278.31
06/08/2018,278.19,71981550,276.85,278.25,276.66
06/07/2018,277.37,72882070,277.95,278.28,276.34
06/06/2018,277.40,62498610,275.79,277.52,275.09
06/05/2018,275.10,50988090,275.05,275.53,274.18
06/04/2018,274.90,45188240,274.53,275.185,274.26
06/01/2018,273.60,71088010,272.41,273.94,272.33
05/31/2018,270.94,93426970,272.15,272.49,270.255
05/30/2018,272.61,69396900,270.50,273.11,270.42
05/29/2018,269.02,115692100,270.31,271.17,267.76
05/25/2018,272.15,56329040,272.15,272.86,271.58
05/24/2018,272.80,75966080,272.91,273.22,270.78
05/23/2018,273.36,64605540,271.17,273.39,270.99
05/22/2018,272.61,52880880,273.96,274.25,272.24
05/21/2018,273.37,57738110,273.01,273.98,271.3512
05/18/2018,271.33,64174990,271.62,272.03,270.93
05/17/2018,272.01,56371150,271.94,273.23,271.13
05/16/2018,272.24,53759700,271.14,272.76,271.11
05/15/2018,271.10,86876380,271.59,271.61,270.03
05/14/2018,272.98,54702570,273.34,274.08,272.36
05/11/2018,272.85,59725680,272.16,273.15,271.58
05/10/2018,272.02,70764000,270.34,272.39,270.22
05/09/2018,269.50,59538590,267.68,269.865,267.09
05/08/2018,266.92,67338050,266.50,267.325,265.15
05/07/2018,266.92,55054350,266.89,268.02,266.11
05/04/2018,266.02,91154240,261.52,266.7892,261.15
05/03/2018,262.62,136144700,262.26,263.36,259.05
05/02/2018,263.20,85501550,264.76,265.68,262.76
05/01/2018,264.98,75986700,263.87,265.10,262.11
04/30/2018,264.51,80475460,267.26,267.89,264.43
04/27/2018,266.56,57021920,267.00,267.34,265.50
04/26/2018,266.31,67441210,264.79,267.2452,264.29
04/25/2018,263.63,103238300,262.91,264.13,260.85
04/24/2018,262.98,112734000,267.73,267.9762,261.28
04/23/2018,266.57,65463180,267.26,267.89,265.35
04/20/2018,266.61,99469420,268.81,269.06,265.61
04/19/2018,268.89,77570630,269.65,269.88,267.72
04/18/2018,270.39,57073780,270.69,271.30,269.87
04/17/2018,270.19,64011070,269.33,270.87,268.75
04/16/2018,267.33,62762920,267.00,268.20,266.07
04/13/2018,265.15,84883690,267.41,267.54,264.01
04/12/2018,265.93,68430410,265.26,267.00,265.06
04/11/2018,263.76,91002710,263.47,265.64,263.39
04/10/2018,265.15,105267300,264.27,266.04,262.98
04/09/2018,261.00,104953500,261.37,264.84,259.9356
04/06/2018,259.72,179290700,263.42,265.11,258.00
04/05/2018,265.64,80939550,265.55,266.64,264.32
04/04/2018,263.56,123488600,256.75,264.355,256.60
04/03/2018,260.77,119649600,258.87,261.31,256.84
04/02/2018,257.47,185059000,262.55,263.13,254.67
03/29/2018,263.15,123918900,261.12,265.26,259.8389
03/28/2018,259.83,146259600,260.75,262.64,258.58
03/27/2018,260.60,129121800,266.17,266.77,258.84
03/26/2018,265.11,141055300,262.13,265.43,259.41
03/23/2018,258.05,183290800,264.17,265.02,257.83
03/22/2018,263.67,147715200,267.91,268.87,263.36
03/21/2018,270.43,78515750,270.90,273.27,270.19
03/20/2018,270.95,59438810,270.94,271.67,270.18
03/19/2018,270.49,108516000,273.35,274.3957,268.62
03/16/2018,274.20,99805450,274.50,275.39,274.14
03/15/2018,275.00,80722410,275.88,276.61,274.43
03/14/2018,275.30,105737200,277.81,278.02,274.67
03/13/2018,276.72,89639370,279.84,280.41,276.03
03/12/2018,278.52,71759540,279.20,279.91,278.0801
03/09/2018,278.87,113447100,275.70,278.87,275.34
03/08/2018,274.10,66585910,273.55,274.24,272.42
03/07/2018,272.78,86910350,270.42,273.18,270.20
03/06/2018,272.88,75247670,273.30,273.39,271.18
03/05/2018,272.19,96744650,267.73,272.89,267.61
03/02/2018,269.08,138968000,265.80,269.72,264.82
03/01/2018,267.70,176457600,271.41,273.17,266.00
02/28/2018,271.65,121488400,275.68,276.19,271.29
02/27/2018,274.43,98302760,278.11,278.92,274.36
02/26/2018,277.90,85166420,275.93,278.01,275.26
02/23/2018,274.71,92045650,271.79,274.71,271.25
02/22/2018,270.40,108484800,271.10,273.05,269.64
02/21/2018,270.05,97671020,271.90,274.72,269.94
02/20/2018,271.40,85431860,272.03,273.67,270.50
02/16/2018,273.11,160341500,272.32,275.32,272.27
02/15/2018,273.03,110226800,271.57,273.04,268.77
02/14/2018,269.59,120406400,264.31,270.00,264.30
02/13/2018,266.00,81055770,263.97,266.62,263.31
02/12/2018,265.34,140752800,263.83,267.01,261.6644
02/09/2018,261.50,283273100,260.80,263.61,252.92
02/08/2018,257.63,244841900,268.01,268.17,257.59
02/07/2018,267.67,166678000,268.50,272.36,267.58
02/06/2018,269.13,353681700,259.94,269.70,258.70
02/05/2018,263.93,292453400,273.45,275.85,263.31
02/02/2018,275.45,172897100,280.08,280.23,275.41
02/01/2018,281.58,89757330,281.07,283.06,280.68
01/31/2018,281.90,118655600,282.73,283.30,280.68
01/30/2018,281.76,131479000,282.60,284.736,281.22
01/29/2018,284.68,89891820,285.93,286.43,284.50
01/26/2018,286.58,107598800,284.25,286.6285,283.96
01/25/2018,283.30,84342320,284.16,284.27,282.405
01/24/2018,283.18,134617200,284.02,284.70,281.84
01/23/2018,283.29,96892090,282.74,283.62,282.37
01/22/2018,282.69,91146870,280.17,282.69,280.11
01/19/2018,280.41,141303100,279.80,280.41,279.14
01/18/2018,279.14,100397600,279.48,279.96,278.58
01/17/2018,279.61,112844200,278.03,280.05,276.97
01/16/2018,276.97,106269200,279.35,280.09,276.18
01/12/2018,277.92,90463870,276.42,278.11,276.0819
01/11/2018,276.12,62236650,274.75,276.12,274.56
01/10/2018,274.12,69394220,273.68,274.42,272.92
01/09/2018,274.54,57114650,274.40,275.25,274.081
01/08/2018,273.92,57116850,273.31,274.10,272.98
01/05/2018,273.42,82724160,272.51,273.56,271.95
01/04/2018,271.61,80455860,271.20,272.16,270.5447
01/03/2018,270.47,89133670,268.96,270.64,268.96
01/02/2018,268.77,86408820,267.84,268.81,267.40
12/29/2017,266.86,95651160,268.53,268.55,266.64
12/28/2017,267.87,44797000,267.89,267.92,267.45
12/27/2017,267.32,57677280,267.38,267.73,267.01
12/26/2017,267.19,45106430,267.05,267.4377,266.885
12/22/2017,267.51,78657310,267.60,267.635,266.90
12/21/2017,267.58,65925710,267.74,268.385,267.30
12/20/2017,267.03,76604710,268.27,268.33,266.69
12/19/2017,267.17,78001550,268.48,268.53,267.09
12/18/2017,268.20,83360810,268.10,268.60,267.98
12/15/2017,266.51,142356000,265.45,267.04,265.39
12/14/2017,265.66,99647210,267.09,267.22,265.60
12/13/2017,266.75,102819600,267.06,267.56,266.65
12/12/2017,266.78,84494560,266.57,267.32,266.345
12/11/2017,266.31,82848590,265.58,266.38,265.4793
12/08/2017,265.51,76301480,264.99,265.52,264.0315
12/07/2017,264.07,76832360,263.09,264.43,262.94
12/06/2017,263.24,75513050,262.87,263.73,262.71
12/05/2017,263.19,77839930,264.43,265.15,263.04
12/04/2017,264.14,93827280,266.31,266.80,264.08
12/01/2017,264.46,163874800,264.76,265.31,260.76
11/30/2017,265.01,126401000,263.76,266.05,263.67
11/29/2017,262.71,77179920,263.02,263.63,262.20
11/28/2017,262.87,98662580,260.76,262.90,260.655
11/27/2017,260.23,52070370,260.41,260.75,260.00
11/24/2017,260.36,27856510,260.32,260.48,260.16
11/22/2017,259.76,44890370,260.00,260.15,259.57
11/21/2017,259.99,68920380,259.18,260.20,258.2627
11/20/2017,258.30,47835520,258.14,258.525,257.86
11/17/2017,257.86,75679800,258.22,258.5882,257.77
11/16/2017,258.62,67487850,257.52,259.04,257.4748
11/15/2017,256.44,80248990,256.62,257.22,255.63
11/14/2017,257.73,61082090,257.41,257.85,256.52
11/13/2017,258.33,50040800,257.31,258.59,257.27
11/10/2017,258.09,59830970,257.73,258.2926,257.37
11/09/2017,258.17,94490930,257.73,258.39,256.36
11/08/2017,259.11,50277640,258.47,259.22,258.15
11/07/2017,258.67,57178400,258.97,259.35,258.09
11/06/2017,258.85,49529150,258.30,259.00,258.22
11/03/2017,258.45,59484150,257.77,258.50,257.30
11/02/2017,257.59,56264600,257.41,257.75,256.19
11/01/2017,257.49,54104920,258.04,258.43,257.07
10/31/2017,257.15,59193910,257.18,257.44,256.805
10/30/2017,256.75,54223350,257.07,257.60,256.41
10/27/2017,257.71,85252510,256.47,257.89,255.6254
10/26/2017,255.62,69643520,255.99,256.30,255.48
10/25/2017,255.29,103485100,256.18,256.31,254.00
10/24/2017,256.56,65036180,256.60,256.83,256.15
10/23/2017,256.11,63838430,257.48,257.51,256.02
10/20/2017,257.11,89064780,256.70,257.14,255.7744
10/19/2017,255.79,61697310,254.83,255.83,254.35
10/18/2017,255.72,40613860,255.90,255.95,255.50
10/17/2017,255.47,31446710,255.23,255.52,254.98
10/16/2017,255.29,38097990,255.21,255.51,254.82
10/13/2017,254.95,55027240,255.14,255.27,254.64
10/12/2017,254.64,46825470,254.66,255.06,254.365
10/11/2017,255.02,47496390,254.51,255.02,254.32
10/10/2017,254.62,42854370,254.60,255.05,253.98
10/09/2017,253.95,35697230,254.63,254.70,253.65
10/06/2017,254.37,80525280,254.15,254.7008,253.85
10/05/2017,254.66,63350340,253.54,254.68,253.196
10/04/2017,253.16,55799300,252.69,253.44,252.56
10/03/2017,252.86,66628100,252.46,252.89,252.23
10/02/2017,252.32,58696810,251.49,252.32,251.2926
09/29/2017,251.23,85201140,250.34,251.32,250.13
09/28/2017,250.35,44658490,249.73,250.44,249.63
09/27/2017,250.05,80720860,249.88,250.49,248.87
09/26/2017,249.08,54025690,249.42,249.70,248.805
09/25/2017,248.93,56897290,249.15,249.5532,248.08
09/22/2017,249.44,51187270,249.05,249.63,249.02
09/21/2017,249.39,48070470,249.88,249.98,249.185
09/20/2017,250.06,59451260,250.07,250.19,248.92
09/19/2017,249.97,46977870,250.00,250.07,249.60
09/18/2017,249.72,46389770,249.61,250.12,249.28
09/15/2017,249.19,94195140,248.69,249.29,248.57
09/14/2017,250.09,94415520,249.80,250.32,249.60
09/13/2017,250.17,58999620,249.72,250.21,249.59
09/12/2017,250.05,56617170,249.63,250.09,249.42
09/11/2017,249.21,71248670,248.04,249.30,248.02
09/08/2017,246.58,63733100,246.54,247.11,246.30
09/07/2017,246.87,57769340,247.25,247.27,246.40
09/06/2017,246.90,57577360,246.84,247.28,246.23
09/05/2017,246.06,90176820,247.26,247.52,244.95
09/01/2017,247.84,61928670,247.92,248.33,247.67
08/31/2017,247.49,102987700,246.72,247.77,246.0473
08/30/2017,246.01,61742150,244.83,246.32,244.62
08/29/2017,244.85,50873040,243.06,245.15,242.93
08/28/2017,244.57,38914700,245.17,245.20,244.09
08/25/2017,244.56,63764770,244.90,245.61,244.39
08/24/2017,243.99,50537170,245.00,245.18,243.75
08/23/2017,244.56,49991840,244.33,245.05,244.16
08/22/2017,245.44,62968970,243.57,245.62,243.55
08/21/2017,242.90,65355480,242.64,243.20,241.83
08/18/2017,242.71,136647500,242.90,244.189,242.20
08/17/2017,243.09,127904900,246.24,246.60,243.09
08/16/2017,246.94,56456130,247.11,247.57,246.45
08/15/2017,246.51,55046030,246.98,247.00,246.16
08/14/2017,246.54,73068140,245.59,246.79,245.55
08/11/2017,244.12,74719460,244.02,244.80,243.75
08/10/2017,243.76,119874200,246.29,246.44,243.70
08/09/2017,247.25,62302650,246.47,247.31,246.06
08/08/2017,247.26,61437080,247.51,248.91,246.83
08/07/2017,247.87,31853630,247.49,247.87,247.37
08/04/2017,247.41,60164150,247.52,247.79,246.97
08/03/2017,246.96,40725660,247.31,247.34,246.64
08/02/2017,247.44,46641310,247.47,247.60,246.37
08/01/2017,247.32,54942570,247.46,247.50,246.716
07/31/2017,246.77,65446360,247.37,247.48,246.53
07/28/2017,246.91,50018870,246.65,247.06,246.13
07/27/2017,247.20,70410610,247.96,248.00,245.68
07/26/2017,247.43,47318940,247.75,247.79,247.13
07/25/2017,247.42,54492150,247.68,247.80,247.16
07/24/2017,246.82,46497170,246.79,246.98,246.28
07/21/2017,246.88,88656800,246.44,246.91,246.18
07/20/2017,247.10,46994570,247.28,247.42,246.47
07/19/2017,246.99,50876400,246.02,247.00,246.01
07/18/2017,245.66,42462230,245.06,245.72,244.67
07/17/2017,245.53,33455300,245.47,245.91,245.33
07/14/2017,245.56,60218150,244.43,245.97,244.31
07/13/2017,244.42,39374380,244.02,244.55,243.76
07/12/2017,244.01,59173800,243.30,244.20,243.30
07/11/2017,242.19,50246650,242.16,242.55,240.85
07/10/2017,242.37,36531030,241.95,242.80,241.76
07/07/2017,242.11,57080980,241.21,242.28,240.5645
07/06/2017,240.55,65968410,241.89,242.03,240.34
07/05/2017,242.77,54252310,242.63,243.01,241.70
07/03/2017,242.21,39153810,242.88,243.38,242.21
06/30/2017,241.80,85199080,242.28,242.71,241.575
06/29/2017,241.35,106617800,243.66,243.72,239.955
06/28/2017,243.49,69904140,242.50,243.715,242.23
06/27/2017,241.33,82144080,243.04,243.38,241.31
06/26/2017,243.29,56556170,243.90,244.38,243.045
06/23/2017,243.13,66839890,242.91,243.51,242.47
06/22/2017,242.84,44068300,242.96,243.53,242.64
06/21/2017,242.95,55784180,243.42,243.59,242.41
06/20/2017,243.01,56516390,244.25,244.26,242.99
06/19/2017,244.66,64836890,243.59,244.73,243.48
06/16/2017,242.64,83932400,242.77,242.83,241.6337
06/15/2017,243.77,66366470,242.68,243.91,242.36
06/14/2017,244.24,78152710,244.86,244.87,243.29
06/13/2017,244.55,59719680,243.98,244.61,243.5799
06/12/2017,243.36,85851610,243.13,243.42,242.38
06/09/2017,243.41,132130500,244.09,245.01,241.95
06/08/2017,243.78,65450200,243.77,244.33,243.17
06/07/2017,243.66,53896140,243.60,243.92,242.83
06/06/2017,243.21,50250970,243.34,243.98,243.12
06/05/2017,243.99,44657990,243.97,244.30,243.76
06/02/2017,244.17,88562440,243.42,244.35,243.08
06/01/2017,243.36,68657470,241.97,243.38,241.64
05/31/2017,241.44,90456540,241.84,241.88,240.64
05/30/2017,241.50,35144010,241.34,241.79,241.16
05/26/2017,241.71,46547760,241.54,241.90,241.45
05/25/2017,241.76,63952460,241.20,242.08,240.96
05/24/2017,240.61,48761320,240.32,240.73,239.93
05/23/2017,240.05,48239370,239.95,240.24,239.51
05/22/2017,239.52,60274380,238.90,239.71,238.82
05/19/2017,238.31,114380500,237.33,239.08,237.27
05/18/2017,236.77,106885400,235.73,237.75,235.43
05/17/2017,235.82,171445400,238.10,238.64,235.75
05/16/2017,240.08,50523840,240.64,240.67,239.63
05/15/2017,240.30,61242740,239.47,240.44,239.45
05/12/2017,238.98,53812970,239.09,239.4273,238.67
05/11/2017,239.38,62232520,239.35,239.57,238.13
05/10/2017,239.87,54209350,239.39,239.87,239.15
05/09/2017,239.44,51126000,239.96,240.19,239.04
05/08/2017,239.66,48260110,239.75,239.92,239.17
05/05/2017,239.70,61561740,239.19,239.72,238.68
05/04/2017,238.76,61322410,238.83,238.9225,237.78
05/03/2017,238.48,72846400,238.29,238.8775,237.70
05/02/2017,238.77,57123690,238.84,238.98,238.30
05/01/2017,238.68,66588230,238.68,239.17,238.195
04/28/2017,238.08,63426310,238.90,238.93,237.93
04/27/2017,238.60,57144960,238.77,238.95,237.98
04/26/2017,238.40,84210820,238.51,239.53,238.35
04/25/2017,238.55,75528380,237.91,238.95,237.81
04/24/2017,237.17,119008100,237.18,237.41,234.5628
04/21/2017,234.59,109896300,235.25,235.31,234.13
04/20/2017,235.34,92306890,234.15,235.845,233.78
04/19/2017,233.44,68254750,234.52,234.95,233.18
04/18/2017,233.87,83143680,233.72,234.49,233.08
04/17/2017,234.57,68153720,233.11,234.57,232.88
04/13/2017,232.51,92625450,233.64,234.49,232.51
04/12/2017,234.03,81393040,234.74,234.96,233.77
04/11/2017,235.06,87804580,234.90,235.18,233.34
04/10/2017,235.34,67526890,235.36,236.255,234.73
04/07/2017,235.20,74345090,235.15,236.00,234.64
04/06/2017,235.44,68962420,234.94,236.04,234.425
04/05/2017,234.78,108227700,236.26,237.39,234.54
04/04/2017,235.48,56303450,235.00,235.58,234.555
04/03/2017,235.33,85424090,235.80,236.03,233.91
03/31/2017,235.74,73482420,235.90,236.51,235.68
03/30/2017,236.29,56658160,235.47,236.52,235.27
03/29/2017,235.54,61043150,234.99,235.81,234.725
03/28/2017,235.32,93370670,233.27,235.81,233.14
03/27/2017,233.62,87245320,231.93,233.92,231.61
03/24/2017,233.86,112400900,234.38,235.04,232.96
03/23/2017,234.03,100172100,234.00,235.34,233.60
03/22/2017,234.28,97233080,233.77,234.61,233.05
03/21/2017,233.73,131204400,237.47,237.61,233.58
03/20/2017,236.77,52529210,237.03,237.36,236.32
03/17/2017,237.03,88284080,237.75,237.97,237.03
03/16/2017,238.48,77761390,239.11,239.20,238.10
03/15/2017,238.95,95071850,237.56,239.44,237.29
03/14/2017,236.90,59838300,237.18,237.24,236.19
03/13/2017,237.81,57058040,237.62,237.86,237.24
03/10/2017,237.69,81757000,237.97,238.02,236.59
03/09/2017,236.86,90332120,236.70,237.24,235.74
03/08/2017,236.56,77619600,237.34,237.64,236.40
03/07/2017,237.00,64807970,237.36,237.77,236.76
03/06/2017,237.71,54424270,237.50,238.12,237.01
03/03/2017,238.42,81726380,238.17,238.61,237.73
03/02/2017,238.27,70152200,239.56,239.57,238.21
03/01/2017,239.78,148882400,238.39,240.32,238.37
02/28/2017,236.47,95717730,236.67,236.95,236.015
02/27/2017,237.11,56404310,236.64,237.31,236.35
02/24/2017,236.74,82311890,235.46,236.7932,235.41
02/23/2017,236.44,72812210,236.88,236.90,235.56
02/22/2017,236.28,61918630,236.02,236.54,235.83
02/21/2017,236.49,87736380,235.52,236.69,235.51
02/17/2017,235.09,76881310,233.95,235.09,233.93
02/16/2017,234.72,84574430,234.96,235.155,233.85
02/15/2017,234.92,86213560,233.45,235.14,233.39
02/14/2017,233.70,70023470,232.56,233.71,232.16
02/13/2017,232.77,55023690,232.08,233.07,232.05
02/10/2017,231.51,65951540,231.00,231.77,230.6216
02/09/2017,230.60,65823370,229.56,230.95,229.52
02/08/2017,229.24,51381110,228.61,229.39,228.31
02/07/2017,228.94,57818730,229.38,229.6556,228.72
02/06/2017,228.93,57729810,228.87,229.326,228.54
02/03/2017,229.34,80474030,228.82,229.55,228.46
02/02/2017,227.77,69506430,227.20,228.10,226.82
02/01/2017,227.62,78927270,228.255,228.59,226.94
01/31/2017,227.53,75379530,226.98,227.60,226.32
01/30/2017,227.55,79549380,228.17,228.20,226.41
01/27/2017,228.97,59643600,229.42,229.59,228.76
01/26/2017,229.33,59753620,229.40,229.71,229.01
01/25/2017,229.57,84105490,228.70,229.57,228.51
01/24/2017,227.60,95251650,226.40,228.08,226.27
01/23/2017,226.15,74924440,226.35,226.805,225.27
01/20/2017,226.74,126753400,226.70,227.31,225.9719
01/19/2017,225.91,66166860,226.84,227.00,225.41
01/18/2017,226.75,54598260,226.535,226.80,225.90
01/17/2017,226.25,61098430,226.31,226.78,225.80
01/13/2017,227.05,62681260,226.73,227.40,226.69
01/12/2017,226.53,72028310,226.50,226.75,224.955
01/11/2017,227.10,74510600,226.36,227.10,225.59
01/10/2017,226.46,63204500,226.48,227.45,226.01
01/09/2017,226.46,46723610,226.91,227.0701,226.4163
01/06/2017,227.21,71356460,226.53,227.75,225.90
01/05/2017,226.40,78291080,226.27,226.58,225.48
01/04/2017,226.58,78458530,225.62,226.75,225.61
01/03/2017,225.24,91087570,225.04,225.83,223.8837
12/30/2016,223.53,108693200,224.73,224.83,222.73
12/29/2016,224.35,48614080,224.48,224.89,223.84
12/28/2016,224.40,64009720,226.57,226.59,224.27
12/27/2016,226.27,42619920,226.02,226.73,226.00
12/23/2016,225.71,36670460,225.43,225.72,225.21
12/22/2016,225.38,55966720,225.60,225.74,224.92
12/21/2016,225.77,67782110,226.25,226.45,225.77
12/20/2016,226.40,89669640,226.15,226.57,225.88
12/19/2016,225.53,90032620,225.25,226.02,225.08
12/16/2016,225.04,156228600,226.01,226.08,224.67
12/15/2016,226.81,123647300,226.16,227.81,225.8904
12/14/2016,225.88,141538000,227.41,228.23,225.365
12/13/2016,227.76,110247300,227.02,228.34,227.00
12/12/2016,226.25,101715300,226.40,226.96,225.76
12/09/2016,226.51,87827850,225.41,226.53,225.37
12/08/2016,225.15,96247920,224.57,225.70,224.26
12/07/2016,224.60,110194800,221.52,224.67,221.38
12/06/2016,221.70,59512650,221.22,221.7441,220.662
12/05/2016,221.00,67101250,220.65,221.40,220.42
12/02/2016,219.68,74621240,219.67,220.25,219.26
12/01/2016,219.57,78874240,220.73,220.73,219.15
11/30/2016,220.38,112309600,221.63,221.82,220.31
11/29/2016,220.91,69579660,220.52,221.44,220.17
11/28/2016,220.48,76527520,221.16,221.48,220.36
11/25/2016,221.52,37872260,221.10,221.56,221.01
11/23/2016,220.70,56502980,219.98,220.76,219.75
11/22/2016,220.58,67275320,220.51,220.79,219.73
11/21/2016,220.15,72151670,219.17,220.18,219.00
11/18/2016,218.50,86161200,219.07,219.27,218.29
11/17/2016,218.99,69130300,218.05,219.06,217.92
11/16/2016,217.87,65385810,217.56,218.14,217.42
11/15/2016,218.28,91367180,217.04,218.28,216.80
11/14/2016,216.59,94378460,217.03,217.27,215.72
11/11/2016,216.42,100424400,216.08,216.70,215.32
11/10/2016,216.92,171730900,217.30,218.31,215.22
11/09/2016,216.3792,257961800,212.37,217.10,212.34
11/08/2016,214.11,104838900,212.69,214.77,212.38
11/07/2016,213.15,109397700,211.45,213.19,211.30
11/04/2016,208.55,108488200,208.91,209.89,208.38
11/03/2016,208.78,88715720,209.99,210.24,208.46
11/02/2016,209.74,102709200,210.65,211.10,209.23
11/01/2016,211.01,122395800,212.93,212.99,209.60
10/31/2016,212.55,60669300,212.93,213.19,212.36
10/28/2016,212.54,140491700,213.14,213.93,211.71
10/27/2016,213.17,77031450,214.58,214.62,213.08
10/26/2016,213.74,75561030,213.21,214.42,212.93
10/25/2016,214.17,66356080,214.68,214.98,213.98
10/24/2016,214.89,59934750,215.00,215.32,214.48
10/21/2016,213.98,88974470,212.96,214.08,212.76
10/20/2016,213.88,73492220,213.87,214.53,213.11
10/19/2016,214.28,66342420,214.02,214.64,213.60
10/18/2016,213.71,76618560,214.24,214.31,213.27
10/17/2016,212.38,58185200,213.09,213.39,212.17
10/14/2016,213.12,93285170,214.15,214.69,213.03
10/13/2016,213.01,101184500,212.16,213.59,211.21
10/12/2016,213.71,73322980,213.59,214.32,213.01
10/11/2016,213.43,130183700,215.66,215.74,212.58
10/10/2016,216.16,51620410,216.155,216.70,215.985
10/07/2016,215.04,89597910,216.10,216.30,214.19
10/06/2016,215.78,62519840,215.37,216.04,214.735
10/05/2016,215.63,72685460,215.41,216.13,215.33
10/04/2016,214.68,119749100,215.91,216.17,213.99
10/03/2016,215.78,83386110,215.82,216.04,215.04
09/30/2016,216.30,115113500,215.65,217.12,215.36
09/29/2016,214.68,127225400,216.40,216.87,214.04
09/28/2016,216.64,87095790,215.83,216.82,214.71
09/27/2016,215.57,77854200,214.05,215.68,213.62
09/26/2016,214.24,89700700,215.02,215.23,214.01
09/23/2016,215.99,73464500,216.72,216.88,215.88
09/22/2016,217.18,76535390,217.00,217.53,216.71
09/21/2016,215.82,110068700,214.24,216.03,213.44
09/20/2016,213.42,69217930,214.41,214.59,213.38
09/19/2016,213.41,80099180,214.13,214.88,213.03
09/16/2016,213.37,155109000,213.48,213.69,212.57
09/15/2016,215.28,144092600,212.96,215.73,212.75
09/14/2016,213.15,133064600,213.29,214.70,212.50
09/13/2016,213.23,182323200,214.84,215.1499,212.50
09/12/2016,216.34,167653400,212.39,216.81,212.31
09/09/2016,213.28,220309300,216.97,217.03,213.25
09/08/2016,218.51,73855230,218.62,218.94,218.15
09/07/2016,219.01,76302150,218.84,219.22,218.30
09/06/2016,219.0308,56528000,218.70,219.12,217.86
09/02/2016,218.37,79119470,218.39,218.87,217.70
09/01/2016,217.39,97720490,217.37,217.73,216.03
08/31/2016,217.38,84916020,217.61,217.75,216.465
08/30/2016,218.00,57588550,218.26,218.59,217.35
08/29/2016,218.3608,70431280,217.44,218.665,217.40
08/26/2016,217.29,122386400,217.92,219.12,216.25
08/25/2016,217.70,69128600,217.40,218.19,217.22
08/24/2016,217.85,71553010,218.80,218.91,217.36
08/23/2016,218.97,53289030,219.25,219.60,218.90
08/22/2016,218.53,61318460,218.26,218.80,217.83
08/19/2016,218.54,75244030,218.31,218.75,217.74
08/18/2016,218.86,52668540,218.34,218.90,218.21
08/17/2016,218.37,74886240,218.00,218.53,217.02
08/16/2016,217.96,53068810,218.60,218.68,217.96
08/15/2016,219.09,49712550,218.89,219.50,218.88
08/12/2016,218.46,61208890,218.29,218.71,217.99
08/11/2016,218.65,72337050,218.26,218.94,217.95
08/10/2016,217.64,57758740,218.31,218.4038,217.23
08/09/2016,218.18,51073070,218.13,218.76,217.80
08/08/2016,218.05,39681420,218.40,218.52,217.74
08/05/2016,218.18,71799630,217.21,218.23,217.07
08/04/2016,216.4097,46454000,216.31,216.78,214.25
08/03/2016,216.18,53665810,215.48,216.245,215.13
08/02/2016,215.5492,92202880,216.65,216.83,214.57
08/01/2016,216.94,73111310,217.19,217.65,216.405
07/29/2016,217.12,79329720,216.46,217.54,216.13
07/28/2016,216.77,64786550,216.29,217.11,215.75
07/27/2016,216.52,83930010,217.19,217.27,215.62
07/26/2016,216.75,69685850,216.53,217.17,215.76
07/25/2016,216.65,55742050,217.00,217.06,215.97
07/22/2016,217.24,62676500,216.41,217.30,216.10
07/21/2016,216.265,67610880,216.96,217.22,215.75
07/20/2016,217.085,58004900,216.75,217.37,216.24
07/19/2016,216.19,54247840,215.92,216.23,215.63
07/18/2016,216.4092,58340610,215.97,216.60,215.67
07/15/2016,215.83,103992200,216.78,217.0125,215.308
07/14/2016,216.12,90720450,216.40,216.67,215.66
07/13/2016,214.92,87173840,215.44,215.45,214.35
07/12/2016,214.95,100654900,214.53,215.30,213.4308
07/11/2016,213.40,73418870,213.19,214.07,212.95
07/08/2016,212.65,133850900,211.05,212.94,210.7785
07/07/2016,209.526,85409500,209.87,210.6495,208.63
07/06/2016,209.66,95760950,207.83,209.80,207.06
07/05/2016,208.41,109446800,208.95,209.08,207.71
07/01/2016,209.9208,105955800,209.36,210.49,209.29
06/30/2016,209.475,163408900,207.21,209.54,206.56
06/29/2016,206.66,136758800,204.84,206.93,204.72
06/28/2016,203.1997,158940500,201.48,203.23,201.12
06/27/2016,199.60,247488400,201.59,201.60,198.65
06/24/2016,203.13,332774500,203.63,210.8463,202.72
06/23/2016,210.81,99651290,209.81,210.87,209.27
06/22/2016,208.10,94503660,208.65,209.50,207.93
06/21/2016,208.44,72259730,208.30,208.92,207.78
06/20/2016,207.85,81546570,208.82,209.61,207.75
06/17/2016,206.52,116531100,207.17,207.20,205.75
06/16/2016,208.37,149194500,206.73,208.57,205.59
06/15/2016,207.75,108745400,208.54,209.36,207.53
06/14/2016,208.04,124789100,208.00,208.74,206.9199
06/13/2016,208.4492,117376300,209.36,210.37,208.35
06/10/2016,210.07,113245800,210.46,210.86,209.43
06/09/2016,212.08,73672890,211.51,212.22,211.19
06/08/2016,212.37,66060100,211.84,212.52,211.6899
06/07/2016,211.68,60838610,211.525,212.34,211.50
06/06/2016,211.35,64648460,210.70,211.77,210.51
06/03/2016,210.28,101655600,210.25,210.69,208.86
06/02/2016,210.91,62885190,209.80,210.93,209.2399
06/01/2016,210.27,69743400,209.12,210.48,208.89
05/31/2016,209.84,109644300,210.56,210.69,209.18
05/27/2016,210.24,62797750,209.53,210.25,209.47
05/26/2016,209.34,55114340,209.44,209.71,208.97
05/25/2016,209.28,78870820,208.67,209.77,207.8691
05/24/2016,207.87,93092790,206.17,208.24,206.14
05/23/2016,205.21,58582750,205.51,205.84,204.985
05/20/2016,205.49,104892400,204.92,206.10,204.86
05/19/2016,204.20,115151900,204.06,204.54,202.78
05/18/2016,204.91,122696600,204.44,206.30,203.63
05/17/2016,204.8508,114246600,206.46,206.80,204.23
05/16/2016,206.78,77216300,204.96,207.34,204.89
05/13/2016,204.76,96387930,206.21,206.86,204.38
05/12/2016,206.56,89316340,207.29,207.4899,205.37
05/11/2016,206.50,81565790,207.91,208.54,206.50
05/10/2016,208.45,77228060,206.72,208.50,206.64
05/09/2016,205.8892,73526600,205.57,206.40,205.36
05/06/2016,205.72,88045660,204.06,205.77,203.88
05/05/2016,204.97,67381980,205.56,205.98,204.47
05/04/2016,205.01,92014370,204.99,205.85,204.42
05/03/2016,206.1592,106174100,206.52,206.80,205.28
05/02/2016,207.97,61966240,206.92,208.18,206.41
04/29/2016,206.3308,142309300,206.72,207.13,205.03
04/28/2016,207.4475,96764540,208.46,209.76,206.96
04/27/2016,209.35,77218000,208.47,209.81,208.05
04/26/2016,208.9192,75483500,209.04,209.52,208.36
04/25/2016,208.61,65967270,208.26,208.66,207.54
04/22/2016,208.97,99214080,208.55,209.29,207.91
04/21/2016,208.97,85132680,210.12,210.25,208.65
04/20/2016,210.10,81035560,209.95,210.92,209.39
04/19/2016,209.90,87275610,209.74,210.20,208.94
04/18/2016,209.2392,82211220,207.14,209.28,207.00
04/15/2016,207.78,75684740,208.01,208.1721,207.40
04/14/2016,208.01,65046200,208.07,208.60,207.60
04/13/2016,208.0008,95684760,207.00,208.10,206.84
04/12/2016,205.92,114890500,204.22,206.25,203.70
04/11/2016,204.0201,82561530,205.25,206.07,203.91
04/08/2016,204.4992,94933720,205.34,205.85,203.87
04/07/2016,203.95,112324600,205.14,205.56,203.09
04/06/2016,206.42,91660050,204.29,206.49,203.98
04/05/2016,204.1892,98648990,204.67,206.2642,203.89
04/04/2016,206.25,62656120,206.83,207.07,205.89
04/01/2016,206.92,113272000,204.35,207.14,203.98
03/31/2016,205.52,94146900,205.91,206.41,205.33
03/30/2016,206.02,85684320,206.30,206.87,205.59
03/29/2016,205.1208,92553650,202.76,205.25,202.40
03/28/2016,203.24,61741680,203.61,203.86,202.705
03/24/2016,203.12,84028660,202.00,203.16,201.74
03/23/2016,203.2092,80899020,204.11,204.33,203.01
03/22/2016,204.56,96745330,203.76,205.23,203.57
03/21/2016,204.67,72727510,204.07,204.94,203.80
03/18/2016,204.38,135476400,204.17,204.78,203.80
03/17/2016,204.63,133787600,203.24,205.23,202.77
03/16/2016,203.34,128519100,201.60,203.82,201.55
03/15/2016,202.17,92992420,201.36,202.5307,201.05
03/14/2016,202.50,73478740,202.16,203.04,201.77
03/11/2016,202.76,137871100,201.26,202.81,199.5179
03/10/2016,199.54,156599200,199.96,201.07,197.38
03/09/2016,199.38,94522340,199.36,199.79,198.43
03/08/2016,198.40,123663900,199.32,199.92,198.21
03/07/2016,200.59,99829000,199.34,201.07,199.25
03/04/2016,200.43,128969300,200.01,201.35,199.03
03/03/2016,199.775,94976900,198.79,199.795,198.11
03/02/2016,199.00,102132500,197.74,199.06,197.25
03/01/2016,198.11,141407600,195.01,198.21,194.4542
02/29/2016,193.56,125170000,195.11,196.23,193.33
02/26/2016,195.0892,129366900,196.57,196.68,194.90
02/25/2016,195.54,110203000,193.73,195.55,192.83
02/24/2016,193.20,150565000,190.63,193.53,189.32
02/23/2016,192.32,111231000,194.00,194.32,192.18
02/22/2016,194.78,103194800,193.87,194.95,193.79
02/19/2016,192.00,114694400,191.17,192.18,190.45
02/18/2016,192.09,102131000,193.20,193.27,191.72
02/17/2016,192.88,135300500,191.16,193.32,191.01
02/16/2016,189.78,119814000,188.77,189.81,187.63
02/12/2016,186.63,127537400,184.96,186.65,183.96
02/11/2016,182.86,218528800,182.34,184.10,181.09
02/10/2016,185.27,147537200,186.41,188.34,185.12
02/09/2016,185.43,183477200,183.36,186.94,183.20
02/08/2016,185.42,190784300,185.77,186.12,182.80
02/05/2016,187.95,180617400,190.99,191.6696,187.20
02/04/2016,191.60,139293100,190.71,192.75,189.96
02/03/2016,191.30,204711700,191.41,191.78,187.10
02/02/2016,190.16,182289400,191.96,191.97,189.54
02/01/2016,193.65,135772400,192.53,194.58,191.84
01/29/2016,193.7208,210246000,190.02,193.88,189.88
01/28/2016,189.11,143300400,189.96,190.20,187.16
01/27/2016,188.13,184964900,189.58,191.56,187.06
01/26/2016,190.20,139932200,188.42,190.53,188.02
01/25/2016,187.64,129310300,189.92,190.15,187.41
01/22/2016,190.52,168109300,189.78,190.76,188.88
01/21/2016,186.69,195002600,186.21,188.87,184.64
01/20/2016,185.65,285427700,185.03,187.495,181.02
01/19/2016,188.06,193451100,189.96,190.11,186.20
01/15/2016,187.81,323965200,186.77,188.76,185.52
01/14/2016,191.93,239613400,189.55,193.26,187.66
01/13/2016,188.83,220641200,194.45,194.86,188.38
01/12/2016,193.6608,170946400,193.82,194.55,191.14
01/11/2016,192.11,187405200,193.01,193.41,189.82
01/08/2016,191.923,209524400,195.19,195.85,191.58
01/07/2016,194.05,212565100,195.33,197.44,193.59
01/06/2016,198.82,151636700,198.34,200.06,197.60
01/05/2016,201.36,110381200,201.40,201.90,200.05
01/04/2016,201.0192,221450500,200.49,201.03,198.59
12/31/2015,203.87,114819400,205.13,205.89,203.87
12/30/2015,205.93,63232390,207.11,207.21,205.76
12/29/2015,207.40,92411310,206.51,207.79,206.47
12/28/2015,205.21,65727270,204.86,205.26,203.94
12/24/2015,205.68,48542150,205.72,206.33,205.42
12/23/2015,206.02,110819800,204.69,206.07,204.58
12/22/2015,203.50,110436800,202.715,203.85,201.55
12/21/2015,201.67,98751110,201.41,201.88,200.09
12/18/2015,200.0208,250946400,202.77,202.93,199.83
12/17/2015,204.86,172358700,208.40,208.48,204.84
12/16/2015,208.03,196380400,206.365,208.39,204.80
12/15/2015,205.0308,153713000,204.70,206.11,202.8666
12/14/2015,202.9008,181638100,202.07,203.05,199.95
12/11/2015,201.88,210983700,203.35,204.14,201.51
12/10/2015,205.87,115879700,205.42,207.43,205.14
12/09/2015,205.34,161939100,206.19,208.68,204.18
12/08/2015,206.949,103090300,206.49,208.289,205.78
12/07/2015,208.35,101674200,209.23,209.7295,207.20
12/04/2015,209.62,192874200,206.08,209.97,205.93
12/03/2015,205.61,165756900,208.83,209.15,204.7511
12/02/2015,208.529,108139300,210.615,211.00,208.23
12/01/2015,210.68,97501880,209.44,210.82,209.11
11/30/2015,208.69,111785700,209.75,209.89,208.56
11/27/2015,209.56,37317780,209.43,209.80,208.86
11/25/2015,209.32,51822520,209.50,209.74,209.01
11/24/2015,209.35,98705990,207.87,209.83,207.41
11/23/2015,209.07,64789800,209.38,209.98,208.52
11/20/2015,209.3108,93821880,209.45,210.12,208.86
11/19/2015,208.55,87841400,208.59,209.05,208.20
11/18/2015,208.73,121128300,206.04,208.90,205.99
11/17/2015,205.47,120836000,205.99,207.04,204.88
11/16/2015,205.62,117342200,202.32,205.69,202.18
11/13/2015,202.54,152793300,204.35,204.67,202.435
11/12/2015,204.84,120950900,206.50,207.06,204.82
11/11/2015,207.74,67716950,208.88,208.94,207.66
11/10/2015,208.56,75769150,207.51,208.60,207.19
11/09/2015,208.08,130856000,209.31,209.49,206.95
11/06/2015,210.04,110389000,209.74,210.32,208.46
11/05/2015,210.15,78166140,210.43,210.98,209.09
11/04/2015,210.36,95668530,211.35,211.50,209.7201
11/03/2015,211.00,95133060,209.97,211.66,209.70
11/02/2015,210.39,86052980,208.32,210.62,208.17
10/30/2015,207.93,131012600,209.06,209.44,207.74
10/29/2015,208.83,90191780,208.35,209.27,208.21
10/28/2015,208.95,135620300,207.00,208.98,206.21
10/27/2015,206.60,77709730,206.20,207.00,205.79
10/26/2015,207.00,68281240,207.30,207.37,206.56
10/23/2015,207.51,144366100,207.25,207.95,206.30
10/22/2015,205.26,174152100,202.98,205.51,201.85
10/21/2015,201.85,101841800,203.61,203.79,201.65
10/20/2015,203.09,78214510,202.85,203.84,202.5471
10/19/2015,203.37,76365770,202.50,203.37,202.13
10/16/2015,203.27,114037700,202.83,203.29,201.92
10/15/2015,202.35,133837900,200.08,202.36,199.64
10/14/2015,199.29,98864500,200.18,200.87,198.94
10/13/2015,200.25,87873100,200.65,202.16,200.05
10/12/2015,201.52,56154070,201.42,201.76,200.91
10/09/2015,201.33,106392100,201.38,201.90,200.58
10/08/2015,201.21,151731000,198.95,201.55,198.59
10/07/2015,199.41,123927900,198.90,199.825,197.48
10/06/2015,197.79,109924000,198.31,198.98,197.00
10/05/2015,198.47,125618900,196.46,198.74,196.33
10/02/2015,195.00,209995600,189.77,195.03,189.12
10/01/2015,192.13,130248900,192.08,192.49,189.82
09/30/2015,191.63,162862400,190.37,191.825,189.44
09/29/2015,188.12,158394800,188.27,189.74,186.93
09/28/2015,188.01,176317600,191.78,191.91,187.64
09/25/2015,192.85,154595000,194.64,195.00,191.81
09/24/2015,192.90,158490600,192.15,193.45,190.56
09/23/2015,193.60,92548910,194.11,194.67,192.91
09/22/2015,193.91,153492000,193.88,194.46,192.56
09/21/2015,196.46,105229400,196.44,197.68,195.21
09/18/2015,195.45,222607600,195.71,198.6844,194.96
09/17/2015,199.73,275634900,200.02,202.89,199.28
09/16/2015,200.18,99206800,198.82,200.41,198.41
09/15/2015,198.46,112339400,196.61,198.99,195.9612
09/14/2015,196.01,79365650,196.95,197.01,195.43
09/11/2015,196.74,119507200,195.375,196.82,194.53
09/10/2015,195.85,158318900,194.56,197.22,194.25
09/09/2015,194.79,147649100,199.32,199.47,194.35
09/08/2015,197.43,115807000,195.94,197.61,195.17
09/04/2015,192.59,204620400,192.85,193.86,191.61
09/03/2015,195.55,151957000,196.26,198.05,194.96
09/02/2015,195.41,159445200,194.62,195.46,192.42
09/01/2015,191.77,253561300,193.12,194.77,190.73
08/31/2015,197.67,160296200,198.11,199.125,197.01
08/28/2015,199.28,160338700,198.50,199.835,197.92
08/27/2015,199.27,273700600,197.02,199.42,195.21
08/26/2015,194.46,338718200,192.08,194.79,188.37
08/25/2015,187.27,367623500,195.43,195.45,186.92
08/24/2015,189.50,506257800,187.49,197.4772,182.40
08/21/2015,197.63,343611100,201.73,203.9404,197.52
08/20/2015,203.97,193680300,206.51,208.2865,203.90
08/19/2015,208.32,172781100,209.09,210.01,207.35
08/18/2015,209.98,71661990,210.26,210.68,209.699
08/17/2015,210.59,78915420,208.71,210.59,208.16
08/14/2015,209.42,72570710,208.43,209.5087,208.26
08/13/2015,208.66,89169630,208.73,209.55,208.01
08/12/2015,208.92,171911200,207.11,209.14,205.36
08/11/2015,208.67,125935000,208.97,209.47,207.76
08/10/2015,210.57,79681690,209.28,210.67,209.28
08/07/2015,207.95,117703500,208.16,208.34,206.87
08/06/2015,208.35,110243400,210.29,210.415,207.65
08/05/2015,210.07,85589800,210.45,211.31,209.73
08/04/2015,209.38,81526350,209.70,210.2483,208.80
08/03/2015,209.79,113432300,210.46,210.53,208.65
07/31/2015,210.50,102661200,211.42,211.45,210.16
07/30/2015,210.82,91218060,210.16,211.02,209.42
07/29/2015,210.77,104940200,209.48,211.04,209.31
07/28/2015,209.33,122370300,207.79,209.50,206.80
07/27/2015,206.79,130669700,206.94,207.55,206.26
07/24/2015,208.00,117558700,210.30,210.37,207.60
07/23/2015,210.18,90364920,211.53,211.65,209.75
07/22/2015,211.37,88346410,210.93,211.77,210.89
07/21/2015,211.75,77743460,212.43,212.74,211.39
07/20/2015,212.59,70280430,212.75,213.18,212.21
07/17/2015,212.48,88094480,212.29,212.55,211.80
07/16/2015,212.30,105988600,211.87,212.30,211.58
07/15/2015,210.61,97532900,210.73,211.28,210.04
07/14/2015,210.68,81287840,209.72,211.05,209.65
07/13/2015,209.77,105721800,208.99,209.90,208.94
07/10/2015,207.48,129124200,207.29,207.98,204.9517
07/09/2015,204.90,141251300,207.04,207.35,204.77
07/08/2015,204.53,163538700,206.45,206.7645,204.25
07/07/2015,208.02,173452600,206.96,208.17,204.11
07/06/2015,206.72,117560100,205.77,207.65,205.53
07/02/2015,207.31,104256300,208.07,208.27,206.81
07/01/2015,207.50,134195600,207.73,208.03,206.56
06/30/2015,205.85,182761900,207.26,207.32,205.28
06/29/2015,205.42,194187600,208.045,209.828,205.33
06/26/2015,209.82,103470400,210.29,210.58,209.16
06/25/2015,209.86,97026210,211.10,211.25,209.77
06/24/2015,210.50,92151530,211.72,212.17,210.47
06/23/2015,212.04,68053640,212.14,212.44,211.57
06/22/2015,211.89,70514900,211.905,212.59,211.64
06/19/2015,210.81,130219500,211.46,211.55,210.36
06/18/2015,212.78,164892200,211.31,213.34,210.6315
06/17/2015,210.59,126642800,210.59,211.32,209.36
06/16/2015,210.25,85152890,208.93,210.35,208.72
06/15/2015,209.11,124240100,208.64,209.45,207.79
06/12/2015,210.01,135327800,210.64,211.482,209.68
06/11/2015,211.63,73755850,211.48,212.09,211.20
06/10/2015,210.95,133678600,209.37,211.41,209.2987
06/09/2015,208.45,104826800,208.45,209.10,207.69
06/08/2015,208.48,88866040,209.64,209.82,208.39
06/05/2015,209.77,121669100,209.95,210.58,208.98
06/04/2015,210.1292,151747400,211.07,211.859,209.75
06/03/2015,211.92,87704660,212.00,212.67,211.3301
06/02/2015,211.36,91438580,211.02,212.19,210.27
06/01/2015,211.57,93171140,211.94,212.34,210.62
05/29/2015,211.14,123383800,212.38,212.43,210.82
05/28/2015,212.46,74855480,212.33,212.59,211.63
05/27/2015,212.70,92949380,211.25,212.98,210.7612
05/26/2015,210.70,124074500,212.40,212.9089,210.20
05/22/2015,212.99,57367260,213.04,213.54,212.91
05/21/2015,213.50,64544870,212.71,213.75,212.51
05/20/2015,212.88,76542810,213.15,213.78,212.504
05/19/2015,213.03,72041550,213.24,213.57,212.69
05/18/2015,213.10,74382800,212.24,213.40,212.16
05/15/2015,212.44,76393990,212.44,212.61,211.86
05/14/2015,212.21,95825920,211.24,212.32,210.91
05/13/2015,210.02,94544280,210.47,211.22,209.74
05/12/2015,209.98,119647000,209.61,210.63,208.62
05/11/2015,210.605,75465110,211.57,211.89,210.52
05/08/2015,211.62,156207000,210.88,211.86,210.78
05/07/2015,208.87,88018400,207.92,209.38,207.52
05/06/2015,208.04,135438200,209.56,209.93,206.76
05/05/2015,208.90,113182500,211.03,211.46,208.73
05/04/2015,211.32,70813860,211.23,212.02,211.10
05/01/2015,210.72,103245100,209.40,210.77,209.28
04/30/2015,208.46,160666400,209.88,210.35,207.62
04/29/2015,210.57,125567200,210.37,211.29,209.60
04/28/2015,211.44,86758030,210.74,211.50,209.3301
04/27/2015,210.77,79107250,212.33,212.48,210.54
04/24/2015,211.6499,61224640,211.66,211.97,211.11
04/23/2015,211.16,102247700,210.15,211.94,210.01
04/22/2015,210.63,78047720,210.01,210.85,208.90
04/21/2015,209.60,71355280,210.67,210.86,209.24
04/20/2015,209.85,92026870,209.06,210.25,208.96
04/17/2015,207.95,191012500,208.94,209.23,207.01
04/16/2015,210.37,68783390,210.03,210.98,209.7928
04/15/2015,210.43,99415800,210.05,211.04,209.95
04/14/2015,209.49,74795430,208.85,209.71,208.10
04/13/2015,209.09,74139030,209.87,210.63,209.03
04/10/2015,210.04,72471010,209.20,210.09,208.96
04/09/2015,208.90,85426740,207.78,209.18,207.19
04/08/2015,207.975,89261180,207.55,208.51,207.08
04/07/2015,207.28,81058840,207.855,208.76,207.24
04/06/2015,207.83,113960800,205.37,208.45,205.21
04/02/2015,206.435,86817710,205.62,206.98,205.40
04/01/2015,205.70,137055500,206.39,206.42,204.51
03/31/2015,206.43,126569200,207.26,208.10,206.36
03/30/2015,208.25,95986750,206.98,208.61,206.96
03/27/2015,205.74,117057900,205.13,205.95,204.90
03/26/2015,205.27,152909900,204.96,206.37,204.12
03/25/2015,205.76,159285600,209.07,209.35,205.71
03/24/2015,208.82,76947650,209.85,210.40,208.74
03/23/2015,210.00,71619060,210.42,211.11,210.00
03/20/2015,210.41,177517400,209.71,211.02,209.4903
03/19/2015,209.50,117697000,209.96,210.4697,209.03
03/18/2015,210.46,227287200,207.39,211.27,206.62
03/17/2015,207.96,94322500,207.69,208.42,206.98
03/16/2015,208.58,135571800,206.71,208.69,205.8641
03/13/2015,205.8272,162353900,206.77,207.9338,204.58
03/12/2015,207.10,93451320,205.26,207.175,205.20
03/11/2015,204.50,109058000,205.29,205.50,204.40
03/10/2015,204.98,156656000,206.71,206.81,204.93
03/09/2015,208.36,89621890,207.74,208.79,207.5459
