Date,Close/Last,Volume,Open,High,Low
03/07/2025,$20.64,81099650,$20.27,$21.20,$20.11
03/06/2025,$20.75,96466380,$20.26,$21.13,$20.00
03/05/2025,$20.81,127219300,$21.33,$21.36,$20.18
03/04/2025,$21.33,152182200,$22.54,$22.63,$20.76
03/03/2025,$22.74,141348700,$25.00,$25.04,$22.52
02/28/2025,$23.73,104133800,$23.02,$24.44,$22.64
02/27/2025,$23.09,97871950,$23.70,$24.40,$23.07
02/26/2025,$23.52,67449300,$23.245,$23.82,$23.21
02/25/2025,$22.99,88886470,$24.21,$24.28,$22.7701
02/24/2025,$24.27,91358070,$24.55,$24.80,$23.62
02/21/2025,$24.87,111630900,$25.96,$26.29,$24.84
02/20/2025,$26.09,144939600,$25.56,$26.12,$24.48
02/19/2025,$25.72,151881700,$25.98,$26.33,$25.46
02/18/2025,$27.39,284292200,$24.60,$27.55,$24.49
02/14/2025,$23.60,230254100,$24.36,$25.19,$22.86
02/13/2025,$24.13,248661300,$22.84,$24.83,$22.79
02/12/2025,$22.48,162631200,$21.98,$22.56,$20.93
02/11/2025,$20.97,150960700,$19.87,$21.88,$19.8618
02/10/2025,$19.77,73007270,$19.25,$20.08,$19.24
02/07/2025,$19.10,58277920,$19.35,$19.36,$19.03
02/06/2025,$19.38,45553770,$19.51,$19.70,$19.22
02/05/2025,$19.65,66250250,$19.19,$19.77,$18.91
02/04/2025,$19.29,54098200,$19.10,$19.53,$19.02
02/03/2025,$19.38,77523140,$18.97,$19.75,$18.78
01/31/2025,$19.43,117474900,$20.10,$20.33,$19.38
01/30/2025,$20.01,108167000,$19.72,$20.10,$19.43
01/29/2025,$19.75,86506820,$19.87,$20.08,$19.66
01/28/2025,$19.80,73411390,$20.34,$20.342,$19.74
01/27/2025,$20.29,83582100,$20.81,$21.06,$20.14
01/24/2025,$20.83,66300610,$21.36,$21.41,$20.75
01/23/2025,$21.57,55778160,$21.69,$21.75,$21.35
01/22/2025,$21.86,60972580,$21.725,$22.285,$21.57
01/21/2025,$21.77,96262180,$22.03,$22.41,$21.75
01/17/2025,$21.49,166483900,$21.26,$21.62,$20.79
01/16/2025,$19.67,44898060,$19.75,$19.95,$19.40
01/15/2025,$19.72,56305990,$19.40,$19.77,$19.171
01/14/2025,$19.20,47147530,$19.36,$19.52,$18.82
01/13/2025,$19.20,50668970,$18.92,$19.249,$18.73
01/10/2025,$19.15,71244580,$19.66,$19.66,$18.91
01/08/2025,$19.88,47897070,$19.825,$20.12,$19.71
01/07/2025,$20.01,61726060,$20.02,$20.34,$19.90
01/06/2025,$19.87,83270990,$20.83,$20.98,$19.78
01/03/2025,$20.56,48983940,$20.39,$20.665,$20.06
01/02/2025,$20.22,46438530,$20.23,$20.43,$20.00
12/31/2024,$20.05,49846660,$19.99,$20.40,$19.88
12/30/2024,$19.82,59608130,$20.01,$20.115,$19.73
12/27/2024,$20.30,48260830,$20.21,$20.605,$20.09
12/26/2024,$20.44,39950380,$20.23,$20.665,$20.08
12/24/2024,$20.40,29884030,$20.22,$20.40,$19.96
12/23/2024,$20.20,57988380,$19.58,$20.23,$19.52
12/20/2024,$19.52,108453700,$18.97,$19.76,$18.90
12/19/2024,$19.06,69117810,$19.53,$19.69,$19.03
12/18/2024,$19.30,86041240,$20.48,$20.58,$19.21
12/17/2024,$20.44,51767150,$20.64,$20.77,$20.2925
12/16/2024,$20.83,73832890,$20.17,$21.10,$20.00
12/13/2024,$20.34,55104080,$20.60,$20.80,$20.25
12/12/2024,$20.78,77695010,$20.02,$20.90,$19.92
12/11/2024,$20.12,75209340,$20.14,$20.25,$19.87
12/10/2024,$20.16,90004830,$20.83,$20.86,$19.96
12/09/2024,$20.81,68818220,$20.92,$21.06,$20.73
12/06/2024,$20.92,78539130,$20.95,$21.05,$20.66
12/05/2024,$20.80,167993500,$22.04,$22.19,$20.66
12/04/2024,$21.96,104649000,$22.53,$22.54,$21.81
12/03/2024,$22.47,138160500,$23.68,$23.75,$22.44
12/02/2024,$23.93,150497900,$24.84,$25.48,$23.44
11/29/2024,$24.05,36616750,$23.72,$24.28,$23.60
11/27/2024,$23.65,53992320,$23.83,$23.93,$23.06
11/26/2024,$24.05,69613560,$24.95,$24.985,$23.81
11/25/2024,$24.87,91128390,$25.04,$25.565,$24.76
11/22/2024,$24.50,36784720,$24.35,$24.68,$24.14
11/21/2024,$24.44,58928410,$24.08,$24.77,$23.83
11/20/2024,$24.01,50191510,$24.07,$24.21,$23.55
11/19/2024,$24.20,61190860,$24.50,$24.54,$24.095
11/18/2024,$24.84,59667330,$24.33,$25.02,$24.16
11/15/2024,$24.35,55104880,$24.81,$24.82,$24.23
11/14/2024,$25.03,49252120,$25.12,$25.61,$24.9346
11/13/2024,$24.92,58201970,$24.06,$25.14,$24.02
11/12/2024,$24.16,62539730,$24.66,$24.96,$23.89
11/11/2024,$25.05,80185320,$25.96,$26.2863,$24.83
11/08/2024,$26.20,76427980,$26.00,$26.43,$25.83
11/07/2024,$26.23,101489300,$25.43,$26.3799,$25.19
11/06/2024,$25.05,116760500,$24.30,$25.12,$24.05
11/05/2024,$23.32,59153330,$22.58,$23.58,$22.40
11/04/2024,$22.52,84616300,$22.96,$23.00,$22.00
11/01/2024,$23.20,173471100,$23.00,$23.58,$21.91
10/31/2024,$21.52,112485500,$22.15,$22.25,$21.47
10/30/2024,$22.30,50941230,$22.415,$22.93,$22.26
10/29/2024,$22.90,83422240,$22.87,$23.14,$22.41
10/28/2024,$22.92,41914970,$22.67,$23.27,$22.56
10/25/2024,$22.68,67502980,$22.42,$23.3399,$22.41
10/24/2024,$22.34,40554420,$22.09,$22.365,$21.97
10/23/2024,$21.98,45799050,$22.30,$22.425,$21.575
10/22/2024,$22.40,50160380,$22.73,$22.82,$22.17
10/21/2024,$22.84,39726990,$22.61,$22.88,$22.25
10/18/2024,$22.77,39971700,$22.61,$22.82,$22.50
10/17/2024,$22.44,43807580,$22.72,$22.82,$22.40
10/16/2024,$22.31,62151770,$22.38,$22.54,$21.74
10/15/2024,$22.66,68900560,$23.41,$23.72,$22.47
10/14/2024,$23.44,35403650,$23.58,$23.77,$23.2701
10/11/2024,$23.56,43585250,$23.05,$23.82,$22.98
10/10/2024,$23.22,44874580,$23.19,$23.53,$22.96
10/09/2024,$23.46,44759020,$23.25,$23.48,$23.06
10/08/2024,$23.32,58650460,$22.25,$23.42,$22.045
10/07/2024,$22.38,54928670,$22.40,$22.65,$22.0209
10/04/2024,$22.59,49966930,$22.70,$22.91,$22.30
10/03/2024,$22.26,49565930,$22.14,$22.73,$21.65
10/02/2024,$22.39,59033900,$22.67,$23.0668,$22.35
10/01/2024,$22.69,86344360,$23.46,$23.72,$22.255
09/30/2024,$23.46,66460230,$23.74,$23.95,$23.09
09/27/2024,$23.91,85883280,$24.16,$24.66,$23.7034
09/26/2024,$23.92,95416940,$24.28,$24.42,$23.25
09/25/2024,$23.54,117013400,$22.80,$24.055,$22.73
09/24/2024,$22.81,113082500,$22.53,$23.105,$22.285
09/23/2024,$22.56,184439100,$22.43,$22.82,$22.03
09/20/2024,$21.84,260377900,$20.89,$23.14,$20.35
09/19/2024,$21.14,99829170,$21.28,$21.69,$21.03
09/18/2024,$20.77,118727900,$21.36,$21.74,$20.715
09/17/2024,$21.47,196249800,$21.71,$22.58,$21.24
09/16/2024,$20.91,149337000,$20.03,$21.0699,$19.76
09/13/2024,$19.66,44236270,$19.49,$19.80,$19.49
09/12/2024,$19.36,51602920,$19.43,$19.54,$19.04
09/11/2024,$19.64,71403140,$19.01,$19.69,$18.52
09/10/2024,$18.98,55621270,$19.03,$19.11,$18.51
09/09/2024,$19.07,64244130,$19.00,$19.54,$18.95
09/06/2024,$18.89,92686460,$19.44,$19.49,$18.64
09/05/2024,$19.40,65388790,$19.28,$19.90,$19.24
09/04/2024,$19.43,85871890,$19.76,$20.045,$19.28
09/03/2024,$20.10,115305500,$21.54,$21.69,$19.99
08/30/2024,$22.04,177785400,$21.25,$22.12,$21.00
08/29/2024,$20.13,64529660,$19.76,$20.60,$19.75
08/28/2024,$19.61,50144890,$19.98,$20.105,$19.51
08/27/2024,$20.07,43862020,$20.13,$20.26,$19.84
08/26/2024,$20.13,58534790,$20.53,$20.56,$19.95
08/23/2024,$20.54,73398430,$20.32,$20.93,$20.26
08/22/2024,$20.10,81444670,$21.39,$21.40,$20.04
08/21/2024,$21.41,57028870,$21.072,$21.44,$21.07
08/20/2024,$20.99,84161270,$21.21,$21.23,$20.82
08/19/2024,$21.52,65956300,$20.885,$21.86,$20.835
08/16/2024,$20.87,48582660,$20.53,$20.895,$20.4101
08/15/2024,$20.69,84814880,$20.32,$21.06,$20.23
08/14/2024,$19.92,56758180,$20.485,$20.50,$19.785
08/13/2024,$20.47,77511350,$19.48,$20.48,$19.47
08/12/2024,$19.36,54677580,$19.87,$19.97,$19.00
08/09/2024,$19.71,76394550,$20.08,$20.15,$19.50
08/08/2024,$20.49,96836820,$19.10,$20.55,$18.84
08/07/2024,$18.99,97972290,$19.92,$20.25,$18.95
08/06/2024,$19.83,106670400,$20.32,$20.63,$19.75
08/05/2024,$20.11,147385700,$20.20,$20.385,$19.2934
08/02/2024,$21.48,300895900,$21.94,$21.98,$20.42
08/01/2024,$29.05,107672500,$30.43,$30.71,$28.89
07/31/2024,$30.74,56110610,$30.54,$30.87,$30.28
07/30/2024,$30.13,48256630,$30.845,$30.91,$30.005
07/29/2024,$30.83,32342200,$31.42,$31.47,$30.79
07/26/2024,$31.35,38352540,$31.43,$31.56,$31.02
07/25/2024,$31.10,49774030,$31.372,$31.985,$30.95
07/24/2024,$31.70,62216670,$32.535,$32.80,$31.66
07/23/2024,$32.95,29466370,$32.96,$33.23,$32.83
07/22/2024,$33.37,48503750,$33.28,$33.41,$32.76
07/19/2024,$32.98,69628650,$34.565,$34.58,$32.85
07/18/2024,$34.87,84188610,$34.96,$36.30,$34.53
07/17/2024,$34.46,112304200,$36.08,$37.16,$34.40
07/16/2024,$34.34,28409910,$34.36,$34.45,$33.835
07/15/2024,$34.46,39847920,$34.70,$35.225,$34.31
07/12/2024,$34.49,62792650,$33.77,$35.475,$33.77
07/11/2024,$33.50,55213670,$35.031,$35.15,$33.31
07/10/2024,$34.87,52256200,$34.44,$34.97,$34.13
07/09/2024,$34.59,97788840,$35.015,$35.22,$33.72
07/08/2024,$33.99,82315940,$33.03,$34.09,$32.82
07/05/2024,$32.02,45309450,$31.40,$32.34,$31.3114
07/03/2024,$31.23,24065670,$31.12,$31.34,$30.91
07/02/2024,$31.07,35999280,$30.855,$31.31,$30.585
07/01/2024,$30.84,32401760,$30.91,$31.02,$30.61
06/28/2024,$30.97,41467680,$30.75,$31.31,$30.72
06/27/2024,$30.59,30184280,$30.42,$30.6582,$30.285
06/26/2024,$30.54,30742980,$30.64,$30.68,$30.2731
06/25/2024,$30.74,29498580,$30.70,$30.83,$30.2901
06/24/2024,$30.57,40611790,$31.14,$31.42,$30.53
06/21/2024,$31.09,92549020,$30.85,$31.36,$30.6701
06/20/2024,$30.62,43826320,$30.555,$31.11,$30.45
06/18/2024,$30.63,33294750,$30.99,$31.47,$30.50
06/17/2024,$30.98,36235320,$30.34,$31.00,$30.18
06/14/2024,$30.45,28125890,$30.285,$30.56,$30.21
06/13/2024,$30.46,33787160,$30.38,$30.58,$30.14
06/12/2024,$30.76,51323940,$31.455,$31.48,$30.3899
06/11/2024,$30.92,25326850,$30.77,$31.03,$30.53
06/10/2024,$30.91,37445810,$30.55,$30.95,$30.285
06/07/2024,$30.74,34085530,$30.25,$30.78,$30.205
06/06/2024,$30.42,34248120,$30.552,$30.59,$30.16
06/05/2024,$30.78,44161660,$30.269,$30.835,$30.01
06/04/2024,$30.03,51027180,$30.75,$30.75,$29.94
06/03/2024,$30.29,35544900,$31.03,$31.065,$30.05
05/31/2024,$30.85,95797530,$30.22,$30.96,$29.94
05/30/2024,$30.19,33382760,$30.21,$30.50,$30.06
05/29/2024,$30.13,35848610,$30.465,$30.67,$30.105
05/28/2024,$31.06,36799150,$30.94,$31.3695,$30.655
05/24/2024,$30.72,42434490,$30.29,$31.02,$30.1301
05/23/2024,$30.08,62014550,$31.445,$31.57,$29.87
05/22/2024,$31.42,36706440,$31.91,$32.066,$31.095
05/21/2024,$31.74,42975360,$31.98,$32.24,$31.62
05/20/2024,$32.10,31989000,$31.85,$32.42,$31.76
05/17/2024,$31.83,41449780,$32.06,$32.11,$31.59
05/16/2024,$32.03,47752830,$31.63,$32.26,$31.52
05/15/2024,$31.27,36992930,$31.38,$31.40,$30.81
05/14/2024,$31.05,47759860,$30.62,$31.11,$30.61
05/13/2024,$30.51,51459140,$30.03,$31.13,$30.00
05/10/2024,$29.85,42931290,$30.33,$30.455,$29.84
05/09/2024,$30.09,45003400,$29.93,$30.385,$29.805
05/08/2024,$30.00,63734600,$30.00,$30.15,$29.73
05/07/2024,$30.68,44683400,$31.09,$31.45,$30.61
05/06/2024,$30.97,36185570,$31.115,$31.20,$30.73
05/03/2024,$30.90,36794830,$30.98,$31.055,$30.70
05/02/2024,$30.51,50899440,$30.59,$30.67,$30.19
05/01/2024,$30.37,60654760,$30.17,$31.035,$30.02
04/30/2024,$30.47,72346360,$31.04,$31.175,$30.42
04/29/2024,$31.36,58533260,$31.86,$31.91,$31.07
04/26/2024,$31.88,119742500,$31.78,$32.24,$30.64
04/25/2024,$35.11,66549400,$34.56,$35.295,$34.50
04/24/2024,$34.50,53261100,$34.86,$35.18,$34.34
04/23/2024,$34.28,46834040,$34.335,$34.60,$34.18
04/22/2024,$34.41,39909930,$34.415,$34.57,$34.075
04/19/2024,$34.20,59070310,$35.13,$35.13,$34.18
04/18/2024,$35.04,42334400,$35.42,$35.66,$34.77
04/17/2024,$35.68,41173350,$36.10,$36.1297,$35.37
04/16/2024,$36.26,30607500,$36.27,$36.51,$35.764
04/15/2024,$36.31,50751560,$36.04,$36.70,$35.89
04/12/2024,$35.69,80254790,$36.69,$36.70,$35.605
04/11/2024,$37.63,41909090,$37.43,$37.67,$37.08
04/10/2024,$37.20,51108380,$38.02,$38.2211,$37.02
04/09/2024,$38.33,78782980,$38.05,$38.58,$37.325
04/08/2024,$37.98,56967790,$38.64,$38.86,$37.91
04/05/2024,$38.71,67263040,$39.35,$39.46,$38.51
04/04/2024,$39.73,57307230,$40.59,$40.7798,$39.70
04/03/2024,$40.33,83717980,$41.40,$41.65,$40.22
04/02/2024,$43.94,32748360,$43.925,$44.08,$43.50
04/01/2024,$44.52,31712590,$44.29,$45.41,$44.18
03/28/2024,$44.17,54204190,$43.76,$44.60,$43.71
03/27/2024,$43.77,51017830,$42.54,$43.83,$42.50
03/26/2024,$41.99,39109650,$41.95,$42.265,$41.655
03/25/2024,$41.83,47276530,$40.89,$42.215,$40.57
03/22/2024,$42.57,28503060,$42.25,$42.80,$42.09
03/21/2024,$42.42,50807590,$42.99,$43.60,$42.32
03/20/2024,$42.20,74864990,$42.99,$43.01,$41.41
03/19/2024,$42.05,34672950,$42.25,$42.29,$41.44
03/18/2024,$42.71,27668280,$43.09,$43.38,$42.595
03/15/2024,$42.64,66952860,$42.45,$43.15,$42.35
03/14/2024,$42.75,38100020,$43.23,$43.35,$42.51
03/13/2024,$43.23,53195930,$44.51,$44.98,$43.20
03/12/2024,$45.24,31795830,$45.06,$45.265,$44.46
03/11/2024,$44.86,35050990,$43.87,$44.93,$43.66
03/08/2024,$44.00,54916600,$46.44,$46.6277,$44.00
03/07/2024,$46.15,50378150,$45.55,$46.4199,$45.18
03/06/2024,$44.51,52652050,$43.93,$45.505,$43.555
03/05/2024,$43.16,56655140,$44.56,$44.8675,$42.69
03/04/2024,$45.61,59990810,$44.27,$46.61,$43.85
03/01/2024,$43.82,41426070,$43.41,$44.2698,$43.13
02/29/2024,$43.05,48875120,$42.37,$43.15,$42.3551
02/28/2024,$41.99,26928470,$42.44,$42.45,$41.91
02/27/2024,$42.73,25126370,$43.25,$43.265,$42.51
02/26/2024,$42.99,27035380,$43.50,$43.68,$42.82
02/23/2024,$42.99,33810710,$43.125,$43.51,$42.66
02/22/2024,$42.98,62809320,$44.68,$44.68,$42.53
02/21/2024,$43.47,57714970,$44.48,$44.69,$43.08
02/20/2024,$44.52,61514140,$44.26,$45.17,$43.42
02/16/2024,$43.51,29975300,$44.03,$44.2199,$43.12
02/15/2024,$44.05,44024510,$44.755,$45.27,$44.02
02/14/2024,$44.19,36186230,$43.82,$44.29,$43.39
02/13/2024,$43.16,36622230,$43.00,$43.63,$42.76
02/12/2024,$44.03,51107350,$43.39,$45.04,$43.32
02/09/2024,$43.31,51192960,$42.55,$43.52,$42.395
02/08/2024,$42.50,33206470,$42.72,$42.97,$42.33
02/07/2024,$42.78,34269250,$42.89,$43.095,$42.55
02/06/2024,$42.74,34068220,$42.70,$42.78,$42.14
02/05/2024,$42.77,28890260,$42.62,$43.15,$42.425
02/02/2024,$42.60,53683500,$43.00,$43.14,$41.60
02/01/2024,$43.36,38819860,$43.15,$43.57,$42.485
01/31/2024,$43.08,51584250,$42.57,$43.785,$42.36
01/30/2024,$42.92,47958760,$43.67,$43.82,$42.89
01/29/2024,$43.84,51790860,$43.71,$43.99,$42.81
01/26/2024,$43.65,127665300,$44.18,$45.41,$43.35
01/25/2024,$49.55,84845090,$50.00,$50.30,$48.97
01/24/2024,$49.09,49375830,$49.17,$49.77,$48.265
01/23/2024,$48.89,37224140,$48.12,$48.94,$47.32
01/22/2024,$48.22,45639520,$48.85,$49.17,$47.64
01/19/2024,$48.15,55979800,$47.00,$48.76,$46.44
01/18/2024,$46.74,46681350,$47.03,$47.57,$46.17
01/17/2024,$46.06,33488020,$46.4151,$46.4151,$45.65
01/16/2024,$47.06,43720670,$46.98,$47.22,$46.38
01/12/2024,$47.12,27587900,$47.60,$47.67,$46.61
01/11/2024,$47.64,31707880,$47.44,$47.84,$46.73
01/10/2024,$47.47,31480190,$48.24,$48.30,$46.94
01/09/2024,$48.05,30097010,$48.01,$48.56,$47.795
01/08/2024,$48.45,42135130,$47.07,$48.76,$46.97
01/05/2024,$46.89,34344030,$47.03,$47.83,$46.635
01/04/2024,$46.87,47797810,$45.715,$47.16,$45.24
01/03/2024,$47.05,35858430,$47.10,$47.81,$46.80
01/02/2024,$47.80,45905730,$49.20,$49.38,$47.4527
12/29/2023,$50.25,29288710,$50.30,$50.5699,$49.77
12/28/2023,$50.39,27705230,$50.81,$50.87,$50.16
12/27/2023,$50.76,52148040,$50.63,$51.28,$50.19
12/26/2023,$50.50,60287410,$48.92,$50.515,$48.71
12/22/2023,$48.00,30095730,$47.25,$48.1557,$47.20
12/21/2023,$47.08,28320460,$46.48,$47.12,$46.02
12/20/2023,$45.76,38159140,$46.64,$46.95,$45.70
12/19/2023,$46.66,35358770,$45.60,$46.68,$45.51
12/18/2023,$45.69,27895650,$46.15,$46.23,$45.40
12/15/2023,$46.16,84583410,$45.94,$47.27,$45.67
12/14/2023,$45.18,70620770,$45.01,$47.07,$44.65
12/13/2023,$44.57,35216050,$44.08,$44.72,$43.33
12/12/2023,$44.04,31452160,$44.36,$44.44,$43.63
12/11/2023,$44.54,48288160,$43.16,$44.73,$43.08
12/08/2023,$42.70,42814960,$41.84,$42.955,$41.81
12/07/2023,$42.15,29118700,$41.75,$42.435,$41.1801
12/06/2023,$41.27,31992260,$42.48,$42.59,$41.17
12/05/2023,$41.92,31859320,$41.91,$42.29,$41.61
12/04/2023,$42.35,50417590,$43.30,$43.31,$41.685
12/01/2023,$43.74,43928370,$44.36,$44.36,$42.86
11/30/2023,$44.70,46262970,$44.65,$45.09,$44.41
11/29/2023,$44.94,38982030,$44.60,$45.34,$44.60
11/28/2023,$44.23,24548870,$43.69,$44.3827,$43.66
11/27/2023,$44.08,33339940,$43.65,$44.545,$43.65
11/24/2023,$43.96,13037110,$43.68,$44.00,$43.61
11/22/2023,$43.67,31490550,$44.03,$44.63,$43.54
11/21/2023,$43.64,37252060,$44.50,$44.6612,$43.30
11/20/2023,$44.74,44596400,$43.78,$44.93,$43.78
11/17/2023,$43.81,49749720,$42.91,$43.81,$42.56
11/16/2023,$43.35,86405690,$41.00,$43.395,$40.82
11/15/2023,$40.61,47392140,$39.585,$40.84,$39.58
11/14/2023,$39.41,45457360,$38.80,$39.49,$38.07
11/13/2023,$38.23,24558260,$38.35,$38.565,$38.14
11/10/2023,$38.86,38871280,$38.24,$38.99,$38.24
11/09/2023,$37.80,48955770,$38.05,$38.515,$37.77
11/08/2023,$37.92,33483360,$38.85,$38.89,$37.7492
11/07/2023,$38.77,32052040,$38.24,$38.90,$37.98
11/06/2023,$37.95,23877200,$38.02,$38.20,$37.855
11/03/2023,$38.14,30502740,$38.00,$38.32,$37.665
11/02/2023,$37.70,35439960,$37.58,$37.82,$36.91
11/01/2023,$37.29,41710710,$36.50,$37.315,$36.28
10/31/2023,$36.50,41185210,$35.66,$36.57,$35.62
10/30/2023,$35.69,36656270,$35.465,$35.96,$34.92
10/27/2023,$35.54,84128210,$34.66,$36.38,$34.60
10/26/2023,$32.52,59142510,$32.89,$33.22,$32.145
10/25/2023,$32.83,44658460,$34.18,$34.45,$32.55
10/24/2023,$34.59,52673860,$33.64,$34.71,$33.64
10/23/2023,$33.85,53924660,$34.60,$35.19,$33.39
10/20/2023,$34.92,32303330,$35.65,$36.28,$34.87
10/19/2023,$35.67,29201850,$35.96,$36.36,$35.52
10/18/2023,$35.64,22085950,$35.524,$36.02,$35.45
10/17/2023,$36.06,24993560,$35.92,$36.35,$35.07
10/16/2023,$36.56,29555780,$36.14,$36.94,$36.08
10/13/2023,$35.97,28408440,$36.74,$36.79,$35.86
10/12/2023,$36.84,23639230,$36.80,$37.22,$36.39
10/11/2023,$36.88,19262600,$36.62,$37.03,$36.38
10/10/2023,$36.43,24044100,$36.14,$36.74,$35.805
10/09/2023,$36.06,19376140,$35.70,$36.17,$35.50
10/06/2023,$36.19,33262160,$35.87,$36.46,$35.18
10/05/2023,$35.89,25771230,$35.97,$36.10,$35.60
10/04/2023,$35.93,39842200,$36.52,$36.52,$35.325
10/03/2023,$35.69,45292630,$35.265,$36.54,$35.265
10/02/2023,$35.46,26086160,$35.61,$35.975,$34.98
09/29/2023,$35.55,28763710,$35.648,$35.91,$35.155
09/28/2023,$35.18,32265280,$34.65,$35.6564,$34.38
09/27/2023,$34.61,44369070,$33.92,$34.825,$33.88
09/26/2023,$33.83,34198290,$34.14,$34.78,$33.64
09/25/2023,$34.29,21729420,$34.00,$34.37,$33.765
09/22/2023,$34.18,29241610,$34.81,$34.885,$34.14
09/21/2023,$34.65,45240630,$34.57,$35.25,$34.46
09/20/2023,$34.69,57660830,$36.22,$36.25,$34.63
09/19/2023,$36.34,53288070,$38.04,$38.10,$36.02
09/18/2023,$37.99,29322150,$37.62,$38.39,$37.51
09/15/2023,$37.88,68881240,$38.42,$38.52,$37.62
09/14/2023,$38.67,30616490,$38.81,$38.90,$38.295
09/13/2023,$38.71,35407780,$38.80,$39.1499,$38.25
09/12/2023,$38.86,55326560,$38.65,$40.0681,$38.65
09/11/2023,$38.59,36349290,$38.24,$38.74,$37.84
09/08/2023,$38.01,44265050,$38.12,$38.83,$37.7125
09/07/2023,$38.18,67659680,$36.83,$38.34,$36.7502
09/06/2023,$36.98,39643390,$36.56,$37.04,$36.03
09/05/2023,$36.71,43379360,$36.58,$37.41,$36.46
09/01/2023,$36.61,43808480,$35.79,$36.75,$35.73
08/31/2023,$35.14,48157580,$34.32,$35.56,$34.30
08/30/2023,$34.53,26279160,$34.06,$34.66,$33.775
08/29/2023,$34.31,29943630,$33.49,$34.48,$33.47
08/28/2023,$33.62,22341780,$33.50,$33.78,$33.21
08/25/2023,$33.25,27324810,$32.53,$33.395,$32.35
08/24/2023,$32.59,37930960,$33.72,$34.09,$32.49
08/23/2023,$33.98,32324310,$32.88,$34.15,$32.80
08/22/2023,$32.89,23434190,$33.22,$33.80,$32.83
08/21/2023,$33.14,43718250,$32.60,$33.17,$32.02
08/18/2023,$32.75,23701060,$32.23,$32.91,$32.18
08/17/2023,$32.58,39906740,$33.56,$33.59,$32.35
08/16/2023,$33.53,35757250,$34.52,$34.63,$33.46
08/15/2023,$34.77,27420310,$35.41,$35.625,$34.75
08/14/2023,$35.68,36896060,$34.67,$35.71,$34.47
08/11/2023,$34.89,28783730,$34.46,$34.945,$34.36
08/10/2023,$34.68,30957300,$34.70,$35.09,$34.48
08/09/2023,$34.28,28720160,$35.00,$35.0999,$34.23
08/08/2023,$35.02,34753600,$34.67,$35.10,$33.86
08/07/2023,$35.23,22486870,$35.41,$35.55,$34.75
08/04/2023,$35.14,26674900,$34.48,$35.56,$34.48
08/03/2023,$34.87,24864380,$34.29,$35.03,$34.13
08/02/2023,$34.39,39051970,$35.15,$35.18,$34.281
08/01/2023,$35.80,24743390,$35.82,$36.02,$35.28
07/31/2023,$35.77,55630700,$36.87,$37.19,$35.675
07/28/2023,$36.83,90863010,$36.75,$36.99,$35.51
07/27/2023,$34.55,58890820,$34.82,$35.03,$34.11
07/26/2023,$34.36,32643240,$33.72,$34.525,$33.70
07/25/2023,$34.10,31771090,$33.70,$34.34,$33.40
07/24/2023,$33.63,25283780,$33.84,$34.46,$33.56
07/21/2023,$34.02,79736960,$33.725,$34.25,$33.42
07/20/2023,$33.37,37878000,$33.704,$34.205,$33.23
07/19/2023,$34.46,26486680,$34.40,$34.835,$34.33
07/18/2023,$34.50,29679510,$34.28,$34.70,$33.83
07/17/2023,$34.37,34111170,$33.16,$34.60,$33.07
07/14/2023,$33.15,30438660,$33.78,$33.87,$33.00
07/13/2023,$33.87,32745750,$34.15,$34.30,$33.62
07/12/2023,$33.98,37762220,$33.69,$34.08,$33.06
07/11/2023,$33.30,28148830,$32.82,$33.36,$32.50
07/10/2023,$32.74,36305660,$31.87,$32.83,$31.77
07/07/2023,$31.85,28356250,$32.00,$32.41,$31.82
07/06/2023,$31.97,41711440,$31.90,$32.04,$31.38
07/05/2023,$32.51,37664720,$33.31,$33.33,$32.50
07/03/2023,$33.62,15731660,$33.54,$33.89,$33.14
06/30/2023,$33.44,33811250,$33.359,$33.56,$33.16
06/29/2023,$32.91,38312970,$33.34,$33.34,$32.49
06/28/2023,$33.57,33906880,$33.61,$33.81,$33.035
06/27/2023,$34.10,33038920,$33.22,$34.23,$33.01
06/26/2023,$33.34,38952370,$33.19,$33.99,$33.095
06/23/2023,$33.00,46327140,$32.21,$33.45,$32.03
06/22/2023,$32.71,45740310,$32.69,$33.24,$32.125
06/21/2023,$32.90,70973520,$34.915,$35.05,$32.83
06/20/2023,$35.00,65970240,$36.77,$37.11,$34.715
06/16/2023,$36.37,110240300,$36.36,$36.795,$35.595
06/15/2023,$35.82,67676300,$35.28,$36.42,$35.215
06/14/2023,$35.58,74404290,$33.87,$35.60,$33.80
06/13/2023,$33.91,51990040,$33.77,$33.95,$33.07
06/12/2023,$33.07,59926110,$31.40,$33.30,$31.36
06/09/2023,$31.34,40227070,$31.93,$31.99,$30.68
06/08/2023,$31.82,35198950,$31.43,$31.85,$31.06
06/07/2023,$31.28,39097990,$31.03,$31.37,$30.93
06/06/2023,$30.96,42295290,$29.77,$31.45,$29.695
06/05/2023,$29.86,48244130,$31.31,$31.40,$29.83
06/02/2023,$31.31,36520960,$31.398,$31.5899,$30.825
06/01/2023,$31.13,52667370,$31.80,$31.94,$31.02
05/31/2023,$31.44,136243800,$29.70,$32.29,$29.67
05/30/2023,$29.99,54874790,$29.70,$30.0399,$28.995
05/26/2023,$29.00,71910620,$27.44,$29.09,$27.10
05/25/2023,$27.40,78009440,$28.29,$28.29,$26.855
05/24/2023,$29.00,28045840,$29.31,$29.49,$28.82
05/23/2023,$29.51,29400850,$30.05,$30.195,$29.49
05/22/2023,$30.28,28693440,$29.85,$30.45,$29.815
05/19/2023,$29.93,40683000,$29.60,$30.24,$29.50
05/18/2023,$29.68,36529190,$29.00,$29.76,$28.87
05/17/2023,$28.87,41667260,$29.52,$29.56,$28.68
05/16/2023,$29.22,22812040,$29.62,$29.90,$29.21
05/15/2023,$29.80,28717480,$28.90,$29.825,$28.88
05/12/2023,$28.95,24153820,$29.025,$29.10,$28.72
05/11/2023,$28.86,47144360,$29.60,$29.68,$28.82
05/10/2023,$29.97,40526520,$30.29,$30.3959,$29.49
05/09/2023,$30.10,30706520,$30.38,$30.58,$29.91
05/08/2023,$30.77,30882800,$30.70,$30.84,$30.39
05/05/2023,$30.99,35024560,$31.38,$31.41,$30.73
05/04/2023,$31.24,46104020,$30.435,$31.72,$30.38
05/03/2023,$30.65,45554490,$30.64,$31.11,$30.245
05/02/2023,$29.77,33463360,$30.30,$30.575,$29.75
05/01/2023,$30.30,36918530,$31.11,$31.24,$30.28
04/28/2023,$31.06,80252440,$31.975,$32.57,$30.81
04/27/2023,$29.86,60186240,$28.75,$29.945,$28.51
04/26/2023,$29.05,41218810,$29.20,$29.81,$28.835
04/25/2023,$28.88,38289870,$29.44,$29.57,$28.87
04/24/2023,$29.66,38732450,$30.13,$30.37,$29.61
04/21/2023,$30.30,28655760,$30.84,$30.84,$30.225
04/20/2023,$30.86,30255070,$30.76,$31.25,$30.71
04/19/2023,$31.15,25746570,$31.10,$31.52,$31.08
04/18/2023,$31.83,26041380,$32.43,$32.46,$31.78
04/17/2023,$32.14,29601150,$31.95,$32.64,$31.77
04/14/2023,$31.89,24623630,$32.00,$32.235,$31.69
04/13/2023,$32.13,29722340,$31.82,$32.43,$31.65
04/12/2023,$32.02,37070790,$32.77,$32.89,$31.96
04/11/2023,$32.35,27059110,$32.66,$33.11,$32.32
04/10/2023,$32.52,30534440,$32.60,$32.76,$32.20
04/06/2023,$32.81,28551920,$32.60,$33.00,$32.46
04/05/2023,$32.83,39615740,$32.795,$32.99,$32.335
04/04/2023,$33.10,55714060,$32.85,$33.84,$32.84
04/03/2023,$32.89,57038340,$32.94,$33.56,$32.54
03/31/2023,$32.67,59764990,$31.80,$32.90,$31.73
03/30/2023,$32.09,70077600,$31.85,$32.58,$31.81
03/29/2023,$31.52,85556190,$29.77,$31.89,$29.755
03/28/2023,$29.29,37407870,$29.075,$29.33,$28.63
03/27/2023,$29.18,34758160,$29.37,$29.73,$29.08
03/24/2023,$29.36,55931610,$29.04,$29.81,$28.925
03/23/2023,$29.03,43785480,$28.38,$29.16,$28.22
03/22/2023,$28.13,37415540,$28.48,$29.12,$28.10
03/21/2023,$28.46,55650830,$29.00,$29.165,$27.975
03/20/2023,$29.16,38780050,$29.80,$29.90,$28.63
03/17/2023,$29.81,80628500,$29.92,$31.00,$29.44
03/16/2023,$30.18,75804230,$28.39,$30.27,$28.39
03/15/2023,$28.41,49322840,$27.73,$28.495,$27.66
03/14/2023,$28.01,47689840,$27.35,$28.10,$27.25
03/13/2023,$26.95,50977000,$26.74,$27.31,$26.61
03/10/2023,$27.22,65187030,$26.55,$27.52,$26.315
03/09/2023,$26.44,54886080,$25.98,$26.9773,$25.97
03/08/2023,$25.98,36071930,$25.56,$26.01,$25.45
03/07/2023,$25.53,43164610,$25.84,$25.99,$25.50
03/06/2023,$25.99,37879840,$26.47,$26.54,$25.93
03/03/2023,$26.40,36744860,$26.20,$26.475,$26.01
03/02/2023,$26.20,48381070,$25.211,$26.30,$25.12
03/01/2023,$25.33,47823400,$25.03,$25.92,$24.97
02/28/2023,$24.93,50255300,$24.94,$25.12,$24.73
02/27/2023,$24.90,37656960,$25.55,$25.58,$24.88
02/24/2023,$25.14,44089880,$25.22,$25.35,$24.92
02/23/2023,$25.61,56473240,$25.78,$26.08,$25.32
02/22/2023,$25.47,89195320,$25.91,$26.90,$25.30
02/21/2023,$26.06,63668360,$27.11,$27.27,$26.04
02/17/2023,$27.61,32086220,$28.00,$28.07,$27.38
02/16/2023,$28.20,28972480,$28.50,$28.825,$28.13
02/15/2023,$28.85,23387680,$28.36,$28.88,$28.16
02/14/2023,$28.64,27928930,$28.38,$28.72,$27.99
02/13/2023,$28.55,32347470,$27.87,$28.55,$27.715
02/10/2023,$27.80,31232540,$27.63,$27.99,$27.335
02/09/2023,$27.73,43906380,$28.68,$28.82,$27.565
02/08/2023,$28.24,36479120,$28.95,$29.12,$28.21
02/07/2023,$29.05,50780780,$28.65,$29.27,$28.43
02/06/2023,$28.69,48726360,$29.55,$29.65,$28.61
02/03/2023,$30.32,57603100,$29.62,$31.17,$29.53
02/02/2023,$30.19,62230660,$29.25,$30.30,$28.795
02/01/2023,$29.07,63330570,$27.89,$29.43,$27.68
01/31/2023,$28.26,52621580,$27.78,$28.29,$27.53
01/30/2023,$27.95,55145770,$27.715,$28.51,$27.67
01/27/2023,$28.16,148548200,$27.07,$28.24,$26.78
01/26/2023,$30.09,56088080,$30.06,$30.11,$29.33
01/25/2023,$29.70,28268020,$29.52,$29.885,$29.17
01/24/2023,$29.92,24855130,$29.94,$30.19,$29.73
01/23/2023,$30.27,38795840,$29.325,$30.49,$29.18
01/20/2023,$29.22,35158500,$28.42,$29.23,$28.25
01/19/2023,$28.42,36886620,$28.61,$28.755,$28.24
01/18/2023,$28.81,44199580,$29.80,$29.82,$28.63
01/17/2023,$29.60,34759080,$30.18,$30.2557,$29.52
01/13/2023,$30.11,31361940,$29.97,$30.17,$29.81
01/12/2023,$30.29,28963880,$29.98,$30.38,$29.47
01/11/2023,$29.85,30375380,$29.68,$29.88,$29.00
01/10/2023,$29.44,23008080,$29.235,$29.51,$28.915
01/09/2023,$29.31,37493160,$28.84,$29.865,$28.84
01/06/2023,$28.73,31788630,$27.93,$28.83,$27.38
01/05/2023,$27.56,33552550,$27.435,$27.779,$27.38
01/04/2023,$27.68,37665200,$27.41,$27.92,$27.16
01/03/2023,$26.73,31307960,$27.045,$27.07,$26.37
12/30/2022,$26.43,31030090,$25.902,$26.46,$25.80
12/29/2022,$26.21,30944830,$25.77,$26.29,$25.75
12/28/2022,$25.54,26176920,$25.84,$26.115,$25.50
12/27/2022,$25.94,29548060,$25.845,$26.10,$25.65
12/23/2022,$26.09,23600920,$25.92,$26.19,$25.6835
12/22/2022,$25.97,47478310,$26.45,$26.452,$25.35
12/21/2022,$26.83,28100910,$26.59,$26.97,$26.58
12/20/2022,$26.44,31863270,$26.535,$26.87,$26.4201
12/19/2022,$26.79,37662460,$26.90,$26.97,$26.50
12/16/2022,$26.92,81104230,$27.00,$27.135,$26.4522
12/15/2022,$27.15,45682650,$27.94,$28.00,$27.12
12/14/2022,$28.26,37141080,$28.51,$29.12,$28.01
12/13/2022,$28.73,58546840,$29.79,$30.09,$28.37
12/12/2022,$28.69,35117870,$28.13,$28.71,$27.8588
12/09/2022,$28.24,25641350,$28.39,$28.78,$28.19
12/08/2022,$28.44,28486090,$28.32,$28.60,$28.065
12/07/2022,$28.33,28239930,$28.28,$28.55,$28.15
12/06/2022,$28.60,27701190,$29.19,$29.31,$28.3436
12/05/2022,$29.17,34040380,$29.42,$29.75,$28.89
12/02/2022,$29.41,31545960,$29.17,$29.43,$28.71
12/01/2022,$29.83,38896310,$30.24,$30.48,$29.52
11/30/2022,$30.07,72072530,$28.77,$30.08,$28.22
11/29/2022,$28.90,24361490,$28.85,$29.18,$28.74
11/28/2022,$28.725,28282120,$29.10,$29.19,$28.54
11/25/2022,$29.34,11314880,$29.68,$29.68,$29.335
11/23/2022,$29.67,23143870,$29.73,$30.08,$29.49
11/22/2022,$29.82,25584060,$29.135,$29.86,$29.0558
11/21/2022,$28.94,36086770,$29.66,$29.715,$28.91
11/18/2022,$29.87,27122210,$30.26,$30.26,$29.61
11/17/2022,$29.89,31992740,$29.065,$29.95,$29.00
11/16/2022,$29.53,35582750,$30.11,$30.23,$29.44
11/15/2022,$30.71,40933220,$31.095,$31.335,$30.165
11/14/2022,$30.35,39395340,$30.34,$30.99,$30.18
11/11/2022,$30.43,49826520,$28.925,$30.63,$28.87
11/10/2022,$29.76,62943920,$28.88,$29.83,$28.645
11/09/2022,$27.52,30544780,$28.22,$28.30,$27.52
11/08/2022,$28.48,36257960,$28.755,$28.95,$27.93
11/07/2022,$28.41,34389780,$28.36,$28.465,$27.89
11/04/2022,$28.20,43051930,$27.57,$28.235,$27.41
11/03/2022,$27.39,39678190,$27.45,$27.88,$27.17
11/02/2022,$27.42,51956100,$28.27,$28.85,$27.41
11/01/2022,$28.30,44418730,$28.80,$28.85,$27.89
10/31/2022,$28.43,59507740,$29.08,$29.18,$28.05
10/28/2022,$29.07,91695700,$28.175,$29.2186,$27.86
10/27/2022,$26.27,56305130,$27.45,$27.59,$26.13
10/26/2022,$27.21,37153930,$27.19,$27.80,$26.99
10/25/2022,$27.41,32205300,$27.18,$27.555,$27.00
10/24/2022,$27.18,43831590,$26.75,$27.48,$26.52
10/21/2022,$26.97,53058710,$25.85,$27.05,$25.79
10/20/2022,$26.08,33247690,$26.15,$26.95,$25.945
10/19/2022,$26.00,33882270,$25.735,$26.25,$25.69
10/18/2022,$25.87,51126850,$26.74,$26.955,$25.54
10/17/2022,$26.42,39416470,$26.31,$26.75,$26.1713
10/14/2022,$25.91,48185370,$26.46,$26.63,$25.76
10/13/2022,$26.42,62447040,$24.725,$26.835,$24.59
10/12/2022,$25.33,39634060,$25.05,$25.52,$24.66
10/11/2022,$25.04,48134930,$25.01,$25.48,$24.69
10/10/2022,$25.20,43409340,$25.94,$25.99,$25.09
10/07/2022,$25.72,57215510,$26.17,$26.275,$25.651
10/06/2022,$27.18,33985130,$27.44,$27.76,$27.00
10/05/2022,$27.64,30119960,$27.365,$27.84,$26.89
10/04/2022,$27.70,42427480,$27.425,$27.795,$27.09
10/03/2022,$26.97,44096180,$26.33,$27.25,$26.065
09/30/2022,$25.77,43820960,$26.30,$26.57,$25.74
09/29/2022,$26.38,41831290,$26.78,$26.78,$26.185
09/28/2022,$27.13,40433350,$26.86,$27.28,$26.60
09/27/2022,$26.89,44121430,$27.40,$27.595,$26.62
09/26/2022,$26.97,44786410,$27.56,$27.6995,$26.86
09/23/2022,$27.52,43491060,$27.90,$27.90,$27.19
09/22/2022,$28.07,36092670,$28.40,$28.50,$28.04
09/21/2022,$28.47,39977310,$29.15,$29.59,$28.46
09/20/2022,$28.96,31129030,$29.065,$29.165,$28.71
09/19/2022,$29.44,33151880,$29.02,$29.50,$28.90
09/16/2022,$29.24,72747990,$28.70,$29.32,$28.42
09/15/2022,$28.84,39919110,$29.15,$29.41,$28.71
09/14/2022,$29.18,40767170,$29.55,$29.765,$29.01
09/13/2022,$29.29,71417850,$30.83,$30.93,$29.25
09/12/2022,$31.56,38305490,$31.735,$31.86,$31.10
09/09/2022,$31.46,34081210,$31.19,$31.50,$31.075
09/08/2022,$30.75,37359470,$30.37,$30.8469,$29.91
09/07/2022,$30.65,37329540,$30.42,$30.785,$30.05
09/06/2022,$30.36,46989600,$31.39,$31.39,$30.33
09/02/2022,$31.22,34893280,$32.21,$32.375,$31.06
09/01/2022,$31.76,36440680,$31.572,$31.825,$31.13
08/31/2022,$31.92,44074490,$32.385,$32.385,$31.77
08/30/2022,$32.26,40182450,$33.04,$33.07,$32.15
08/29/2022,$32.94,32976760,$33.225,$33.41,$32.81
08/26/2022,$33.36,44851480,$34.95,$35.025,$33.35
08/25/2022,$34.89,29799150,$33.87,$34.93,$33.82
08/24/2022,$33.86,25105650,$33.97,$33.99,$33.60
08/23/2022,$33.95,30687100,$33.98,$34.39,$33.91
08/22/2022,$33.84,51006130,$35.00,$35.06,$33.73
08/19/2022,$35.38,31425530,$35.80,$36.025,$35.19
08/18/2022,$36.20,24598230,$35.68,$36.33,$35.57
08/17/2022,$35.78,29176060,$35.81,$36.075,$35.27
08/16/2022,$36.19,25000240,$36.16,$36.575,$35.70
08/15/2022,$36.34,25400550,$36.10,$36.43,$35.71
08/12/2022,$36.11,37675230,$35.80,$36.14,$35.67
08/11/2022,$35.59,35569720,$35.64,$36.29,$35.485
08/10/2022,$35.37,42243300,$34.99,$35.40,$34.59
08/09/2022,$34.52,48202280,$35.22,$35.30,$34.40
08/08/2022,$35.38,41601570,$35.36,$35.96,$35.20
08/05/2022,$35.39,40205090,$35.345,$35.69,$35.18
08/04/2022,$35.66,54046260,$36.012,$36.10,$35.36
08/03/2022,$36.52,59513860,$36.09,$36.59,$35.26
08/02/2022,$36.01,53929370,$36.59,$36.66,$36.00
08/01/2022,$36.96,52513450,$36.05,$37.69,$36.05
07/29/2022,$36.31,125292400,$35.605,$36.62,$35.24
07/28/2022,$39.71,56662300,$40.09,$40.12,$39.04
07/27/2022,$40.18,42571580,$39.27,$40.425,$39.23
07/26/2022,$38.96,35925490,$39.10,$39.565,$38.88
07/25/2022,$39.16,32263400,$39.285,$39.41,$38.55
07/22/2022,$39.20,41349970,$40.37,$40.51,$38.94
07/21/2022,$40.61,29661200,$40.51,$40.645,$39.82
07/20/2022,$40.56,36387870,$40.21,$40.67,$39.56
07/19/2022,$40.22,53095320,$39.32,$40.73,$39.24
07/18/2022,$38.71,30814370,$39.10,$39.34,$38.525
07/15/2022,$38.62,32892290,$38.27,$38.67,$37.73
07/14/2022,$37.71,36690670,$36.99,$38.155,$36.29
07/13/2022,$37.21,27059160,$36.68,$37.4299,$36.62
07/12/2022,$37.21,30546280,$37.65,$37.70,$36.99
07/11/2022,$37.20,25946880,$37.66,$37.675,$37.03
07/08/2022,$37.99,22566350,$37.66,$38.14,$37.3901
07/07/2022,$38.14,33165410,$37.89,$38.33,$37.73
07/06/2022,$36.99,26258320,$36.82,$37.425,$36.46
07/05/2022,$36.69,33225870,$35.93,$36.74,$35.54
07/01/2022,$36.34,40596290,$37.09,$37.20,$35.88
06/30/2022,$37.41,35141050,$37.21,$38.00,$36.725
06/29/2022,$37.29,25437200,$37.54,$37.595,$37.02
06/28/2022,$37.78,37842730,$38.58,$39.02,$37.74
06/27/2022,$38.63,29585330,$38.87,$39.06,$38.4701
06/24/2022,$38.61,38159910,$37.845,$38.64,$37.74
06/23/2022,$37.41,30162970,$37.61,$37.62,$36.91
06/22/2022,$37.38,32591520,$37.33,$37.77,$37.22
06/21/2022,$37.73,34004880,$37.36,$38.025,$37.325
06/17/2022,$36.97,71393190,$37.48,$38.12,$36.60
06/16/2022,$37.34,45576550,$37.695,$37.79,$36.93
06/15/2022,$38.65,37652260,$38.56,$39.17,$37.92
06/14/2022,$37.93,31351680,$38.01,$38.20,$37.54
06/13/2022,$37.77,50335920,$38.55,$38.81,$37.67
06/10/2022,$39.18,43084430,$39.85,$40.08,$39.18
06/09/2022,$40.01,39047180,$41.01,$41.35,$40.01
06/08/2022,$41.23,59649870,$42.25,$42.26,$41.03
06/07/2022,$43.53,25168690,$43.06,$43.59,$42.66
06/06/2022,$43.34,25437060,$43.81,$44.04,$43.08
06/03/2022,$43.39,33174660,$44.105,$44.2458,$43.34
06/02/2022,$44.84,28727640,$44.19,$44.88,$43.94
06/01/2022,$44.11,29885540,$44.77,$44.93,$43.525
05/31/2022,$44.42,41111480,$44.25,$44.75,$43.645
05/27/2022,$44.55,30553320,$43.59,$44.55,$43.55
05/26/2022,$43.48,28826680,$42.17,$43.68,$42.08
05/25/2022,$42.20,26283080,$41.44,$42.515,$41.39
05/24/2022,$41.67,29837490,$41.698,$41.89,$41.10
05/23/2022,$42.00,27199490,$41.69,$42.25,$41.325
05/20/2022,$41.65,44802290,$42.245,$42.29,$40.31
05/19/2022,$42.01,29181010,$42.32,$42.70,$41.72
05/18/2022,$42.35,35218390,$43.98,$43.98,$42.22
05/17/2022,$44.40,28596630,$43.82,$44.42,$43.65
05/16/2022,$43.08,25071910,$43.42,$43.6099,$42.785
05/13/2022,$43.60,32034140,$43.42,$43.84,$42.97
05/12/2022,$42.84,42329640,$42.73,$42.905,$42.01
05/11/2022,$42.83,40351670,$44.02,$44.29,$42.78
05/10/2022,$44.01,42770020,$44.35,$44.735,$43.50
05/09/2022,$43.07,44925770,$43.81,$44.20,$42.87
05/06/2022,$44.30,40916580,$44.49,$45.15,$43.84
05/05/2022,$44.60,52996680,$45.60,$45.91,$44.13
05/04/2022,$46.54,44625620,$45.06,$46.64,$44.41
05/03/2022,$45.06,40158390,$44.79,$45.49,$44.23
05/02/2022,$44.96,45446470,$43.72,$44.99,$43.51
04/29/2022,$43.59,70765890,$44.99,$45.36,$43.50
04/28/2022,$46.84,41097040,$45.785,$47.27,$45.5408
04/27/2022,$45.22,28320900,$45.48,$46.06,$45.01
04/26/2022,$45.52,35356570,$46.69,$46.84,$45.51
04/25/2022,$47.06,35999250,$46.21,$47.14,$46.18
04/22/2022,$46.54,28219860,$47.45,$47.65,$46.50
04/21/2022,$47.50,27316890,$48.62,$48.90,$47.40
04/20/2022,$48.11,22787140,$48.36,$48.75,$47.975
04/19/2022,$47.93,31483100,$46.60,$48.00,$46.34
04/18/2022,$46.64,25593060,$45.53,$46.89,$45.52
04/14/2022,$45.67,36181840,$46.745,$46.75,$45.62
04/13/2022,$47.01,22171270,$46.75,$47.2687,$46.55
04/12/2022,$46.50,29861380,$47.32,$47.91,$46.41
04/11/2022,$46.57,30352480,$46.90,$47.295,$46.53
04/08/2022,$47.02,22167260,$47.28,$47.58,$46.845
04/07/2022,$47.56,24116970,$47.425,$47.91,$46.77
04/06/2022,$47.54,31518750,$47.44,$48.17,$47.24
04/05/2022,$48.13,25779170,$48.83,$48.98,$48.02
04/04/2022,$49.20,23811320,$48.17,$49.23,$47.915
04/01/2022,$48.11,46598560,$49.83,$49.90,$47.325
03/31/2022,$49.56,43698250,$51.20,$51.26,$49.51
03/30/2022,$51.43,24623260,$52.25,$52.51,$51.22
03/29/2022,$52.25,27303710,$52.00,$52.29,$51.275
03/28/2022,$51.51,22932370,$51.36,$51.57,$50.56
03/25/2022,$51.83,33249490,$50.69,$51.9783,$50.45
03/24/2022,$51.62,51677910,$48.66,$51.65,$48.59
03/23/2022,$48.27,37126380,$48.46,$49.58,$48.0601
03/22/2022,$48.39,27923320,$47.50,$48.47,$47.40
03/21/2022,$47.39,32910940,$47.46,$47.89,$47.065
03/18/2022,$47.45,46237120,$46.82,$47.60,$46.35
03/17/2022,$47.14,28554990,$46.32,$47.2873,$45.73
03/16/2022,$46.63,38885500,$45.30,$46.63,$45.27
03/15/2022,$44.81,34448890,$44.50,$44.90,$44.07
03/14/2022,$44.40,35993900,$45.90,$45.98,$44.30
03/11/2022,$45.83,27082090,$47.15,$47.275,$45.765
03/10/2022,$46.66,36455950,$47.29,$47.31,$46.155
03/09/2022,$47.63,36076460,$48.41,$48.46,$46.885
03/08/2022,$47.50,44813950,$47.69,$48.72,$46.89
03/07/2022,$47.68,43813750,$48.005,$48.54,$47.60
03/04/2022,$48.07,38324990,$47.37,$48.265,$47.37
03/03/2022,$47.93,36389880,$48.18,$48.55,$47.6236
03/02/2022,$48.87,46936510,$47.52,$48.99,$47.48
03/01/2022,$46.82,53852980,$47.54,$47.90,$46.22
02/28/2022,$47.70,41946110,$47.00,$47.82,$46.85
02/25/2022,$47.71,39266330,$46.93,$47.79,$46.25
02/24/2022,$46.72,72740050,$43.90,$46.79,$43.625
02/23/2022,$44.65,38176740,$45.17,$45.71,$44.5514
02/22/2022,$44.69,57093320,$44.69,$45.405,$43.8501
02/18/2022,$45.04,76520100,$46.19,$46.21,$44.51
02/17/2022,$47.57,32030620,$47.86,$48.26,$47.38
02/16/2022,$48.23,26022940,$48.06,$48.49,$47.60
02/15/2022,$48.44,35857520,$47.70,$48.46,$47.19
02/14/2022,$47.58,28456930,$47.92,$48.1772,$47.1101
02/11/2022,$47.63,37208230,$48.95,$49.11,$47.50
02/10/2022,$48.86,32762680,$49.18,$49.9325,$48.76
02/09/2022,$49.91,35217300,$49.33,$49.97,$48.825
02/08/2022,$48.81,28051190,$47.98,$48.94,$47.90
02/07/2022,$48.18,27558470,$48.13,$48.66,$47.96
02/04/2022,$48.01,32431490,$47.86,$48.2399,$47.13
02/03/2022,$48.28,42145840,$49.25,$49.685,$48.25
02/02/2022,$49.51,37962660,$48.245,$49.58,$48.09
02/01/2022,$48.95,35386060,$48.775,$49.03,$48.36
01/31/2022,$48.82,51828450,$47.68,$48.87,$47.305
01/28/2022,$47.73,61945410,$47.71,$48.20,$46.30
01/27/2022,$48.05,89642770,$49.98,$50.06,$47.78
01/26/2022,$51.69,54895390,$51.13,$52.72,$50.75
01/25/2022,$51.00,44095360,$51.01,$51.62,$50.25
01/24/2022,$51.94,64273630,$51.48,$52.1291,$49.88
01/21/2022,$52.04,46372370,$52.08,$53.1299,$51.95
01/20/2022,$52.04,28582610,$53.86,$54.085,$51.94
01/19/2022,$53.62,30595110,$54.63,$54.85,$53.56
01/18/2022,$54.76,35332590,$55.31,$55.65,$54.68
01/14/2022,$55.70,30151530,$54.85,$55.77,$54.53
01/13/2022,$54.94,29605350,$56.00,$56.21,$54.77
01/12/2022,$55.74,29136790,$56.136,$56.28,$54.81
01/11/2022,$55.91,39795190,$55.50,$56.08,$54.73
01/10/2022,$55.21,49260830,$53.97,$55.31,$53.31
01/07/2022,$53.44,30717220,$54.19,$54.39,$53.15
01/06/2022,$54.01,35757880,$54.61,$54.67,$53.415
01/05/2022,$53.87,59109320,$54.188,$56.17,$53.83
01/04/2022,$53.14,45681380,$53.57,$53.935,$52.65
01/03/2022,$53.21,33892930,$51.65,$53.23,$51.60
12/31/2021,$51.50,16318970,$51.89,$52.159,$51.46
12/30/2021,$51.74,18359360,$51.92,$52.14,$51.65
12/29/2021,$51.83,14174780,$51.81,$52.14,$51.66
12/28/2021,$51.76,19290440,$51.93,$52.12,$51.63
12/27/2021,$51.94,20990720,$51.35,$52.06,$51.3022
12/23/2021,$51.31,25198250,$51.08,$51.73,$51.05
12/22/2021,$50.97,23307950,$50.64,$51.02,$50.21
12/21/2021,$50.77,31956290,$49.94,$50.84,$49.94
12/20/2021,$49.60,30140280,$49.91,$50.13,$48.96
12/17/2021,$50.62,50190420,$50.59,$51.02,$50.01
12/16/2021,$50.83,33132250,$50.74,$51.40,$50.575
12/15/2021,$50.67,32590320,$49.87,$50.78,$49.325
12/14/2021,$49.70,34120380,$49.82,$50.27,$49.32
12/13/2021,$50.00,35726900,$50.85,$51.02,$49.95
12/10/2021,$50.59,23783630,$50.84,$51.07,$50.05
12/09/2021,$50.48,31694240,$51.30,$51.585,$50.43
12/08/2021,$51.75,37143440,$52.57,$52.88,$51.3838
12/07/2021,$52.57,91731470,$54.66,$55.00,$52.21
12/06/2021,$50.99,40335980,$49.48,$51.21,$49.18
12/03/2021,$49.25,32224930,$49.675,$50.06,$48.76
12/02/2021,$49.50,37240780,$48.61,$49.7947,$48.33
12/01/2021,$48.60,35133400,$49.84,$50.3062,$48.52
11/30/2021,$49.20,49460840,$49.50,$50.40,$48.68
11/29/2021,$50.00,31478900,$49.30,$50.13,$48.72
11/26/2021,$48.78,25268980,$48.90,$49.175,$48.115
11/24/2021,$49.76,26035780,$48.855,$49.78,$48.63
11/23/2021,$49.10,44713340,$50.16,$50.45,$48.64
11/22/2021,$49.83,33389630,$49.55,$50.85,$49.41
11/19/2021,$49.52,27607600,$49.60,$49.73,$49.24
11/18/2021,$49.68,30667660,$50.24,$50.24,$48.97
11/17/2021,$50.23,23546920,$50.60,$50.9399,$49.98
11/16/2021,$50.61,30927770,$50.37,$51.15,$50.34
11/15/2021,$50.32,24695780,$50.41,$50.63,$50.12
11/12/2021,$50.31,23884840,$50.595,$50.90,$50.18
11/11/2021,$50.53,25419990,$51.01,$51.07,$50.41
11/10/2021,$50.76,25040730,$50.975,$51.3873,$50.71
11/09/2021,$51.20,22508420,$51.54,$51.77,$50.765
11/08/2021,$51.55,31647840,$51.46,$51.99,$51.06
11/05/2021,$50.92,36816160,$50.55,$51.58,$50.54
11/04/2021,$50.31,24805960,$50.24,$50.35,$49.73
11/03/2021,$50.39,23962120,$49.931,$50.45,$49.71
11/02/2021,$49.86,27193260,$49.61,$49.895,$49.23
11/01/2021,$49.55,28013740,$49.40,$49.60,$49.00
10/29/2021,$49.00,42300970,$48.10,$49.28,$47.92
10/28/2021,$48.08,31317180,$48.14,$48.3599,$47.88
10/27/2021,$47.89,41081460,$48.52,$48.8155,$47.87
10/26/2021,$48.28,68405390,$49.40,$49.44,$47.93
10/25/2021,$49.41,43178770,$49.825,$50.07,$49.31
10/22/2021,$49.46,109971900,$50.39,$50.55,$49.14
10/21/2021,$56.00,38390860,$54.925,$56.07,$54.83
10/20/2021,$55.37,16850270,$55.25,$55.485,$55.08
10/19/2021,$55.21,18392880,$54.626,$55.22,$54.37
10/18/2021,$54.47,22407570,$54.185,$54.56,$53.72
10/15/2021,$54.46,25231140,$54.20,$54.49,$53.8095
10/14/2021,$53.90,26586650,$52.895,$54.00,$52.73
10/13/2021,$52.26,18533960,$52.38,$52.5784,$51.865
10/12/2021,$52.17,32784310,$53.57,$53.72,$52.01
10/11/2021,$53.44,14398760,$53.81,$54.41,$53.42
10/08/2021,$53.81,16068030,$54.55,$54.58,$53.70
10/07/2021,$54.18,20704440,$54.319,$54.985,$54.12
10/06/2021,$53.98,20059580,$53.48,$54.07,$53.07
10/05/2021,$53.95,18129360,$53.55,$54.34,$53.475
10/04/2021,$53.47,27353320,$53.93,$54.33,$53.08
10/01/2021,$53.86,19895100,$53.645,$54.105,$53.05
09/30/2021,$53.28,20534070,$53.76,$53.98,$53.26
09/29/2021,$53.49,20514310,$54.00,$54.05,$53.18
09/28/2021,$54.00,24691320,$54.18,$54.59,$53.96
09/27/2021,$54.66,13899910,$53.94,$54.87,$53.82
09/24/2021,$54.22,12976200,$53.775,$54.423,$53.73
09/23/2021,$54.03,16474330,$53.75,$54.30,$53.60
09/22/2021,$53.50,18594120,$53.40,$53.87,$53.00
09/21/2021,$52.87,17968930,$53.20,$53.45,$52.83
09/20/2021,$52.98,35051900,$53.214,$53.50,$52.32
09/17/2021,$54.26,35359230,$54.59,$54.59,$53.665
09/16/2021,$54.83,19863090,$54.86,$54.95,$54.24
09/15/2021,$55.12,18796180,$54.67,$55.15,$54.42
09/14/2021,$54.52,22072720,$55.37,$55.44,$54.27
09/13/2021,$54.99,22639240,$54.61,$55.485,$54.41
09/10/2021,$53.84,20324700,$53.85,$54.98,$53.81
09/09/2021,$53.40,13495800,$53.66,$53.89,$53.34
09/08/2021,$53.57,18235080,$53.73,$53.92,$52.99
09/07/2021,$53.65,13914970,$53.57,$53.95,$53.44
09/03/2021,$53.51,13472750,$53.44,$54.08,$53.3193
09/02/2021,$53.73,15880060,$53.80,$53.89,$53.35
09/01/2021,$53.67,18615030,$54.11,$54.155,$53.53
08/31/2021,$54.06,22350100,$54.44,$54.50,$53.66
08/30/2021,$53.94,14581330,$54.26,$54.87,$53.76
08/27/2021,$53.89,16524990,$53.36,$53.94,$52.92
08/26/2021,$53.13,19569980,$53.745,$53.745,$52.9729
08/25/2021,$53.81,15048390,$54.08,$54.23,$53.731
08/24/2021,$53.81,20348800,$53.555,$53.97,$53.31
08/23/2021,$53.23,23976260,$52.59,$53.535,$52.48
08/20/2021,$52.01,25728330,$52.16,$52.38,$51.42
08/19/2021,$52.44,22999390,$52.054,$52.67,$51.58
08/18/2021,$52.19,15061740,$52.60,$53.03,$52.11
08/17/2021,$52.69,22014900,$53.17,$53.1784,$52.22
08/16/2021,$53.47,17692910,$53.23,$53.49,$53.00
08/13/2021,$53.49,15281070,$53.50,$53.555,$53.055
08/12/2021,$53.54,15073690,$54.17,$54.18,$53.255
08/11/2021,$54.14,18590800,$54.26,$54.36,$53.84
08/10/2021,$53.94,16215710,$54.24,$54.385,$53.51
08/09/2021,$54.05,14670140,$54.08,$54.41,$53.83
08/06/2021,$53.92,19256020,$53.86,$54.13,$53.73
08/05/2021,$53.89,15310010,$53.99,$54.02,$53.58
08/04/2021,$53.90,17612710,$54.25,$54.44,$53.70
08/03/2021,$54.06,16375930,$53.89,$54.16,$53.26
08/02/2021,$53.68,18098080,$53.99,$54.47,$53.535
07/30/2021,$53.72,16465690,$53.65,$53.90,$53.25
07/29/2021,$53.70,16886630,$53.48,$54.10,$53.32
07/28/2021,$53.07,28478850,$53.03,$53.92,$52.94
07/27/2021,$53.18,39878030,$53.12,$53.20,$52.31
07/26/2021,$54.31,32881170,$52.81,$54.54,$52.76
07/23/2021,$53.00,67742250,$54.58,$54.71,$52.32
07/22/2021,$55.96,36690980,$56.06,$56.54,$55.68
07/21/2021,$56.23,18497170,$55.18,$56.28,$55.01
07/20/2021,$55.24,19866970,$54.915,$55.56,$54.2684
07/19/2021,$54.64,27007670,$54.41,$54.805,$53.97
07/16/2021,$54.97,25263790,$56.05,$56.9295,$54.90
07/15/2021,$55.81,18917050,$56.40,$56.40,$55.57
07/14/2021,$56.52,16263610,$57.17,$57.455,$56.3339
07/13/2021,$56.87,15715980,$56.62,$57.30,$56.34
07/12/2021,$56.73,15392760,$56.26,$56.755,$56.11
07/09/2021,$55.99,18708000,$55.51,$56.105,$55.31
07/08/2021,$55.39,19161960,$55.31,$55.72,$54.7901
07/07/2021,$55.96,14857390,$56.37,$56.45,$55.705
07/06/2021,$56.09,26186600,$56.92,$57.01,$55.70
07/02/2021,$56.76,17223580,$56.55,$56.99,$56.32
07/01/2021,$56.01,24871590,$56.13,$56.64,$55.87
06/30/2021,$56.14,29891580,$56.34,$56.375,$55.39
06/29/2021,$56.75,26359990,$57.55,$57.83,$55.88
06/28/2021,$57.48,22480880,$56.36,$57.725,$56.34
06/25/2021,$55.91,21101240,$56.02,$56.405,$55.745
06/24/2021,$56.07,21209730,$55.49,$56.10,$55.34
06/23/2021,$55.26,20287880,$55.87,$55.974,$55.23
06/22/2021,$55.87,18682810,$55.94,$56.2799,$55.5049
06/21/2021,$55.87,19254640,$55.75,$56.04,$55.37
06/18/2021,$55.67,55118310,$56.68,$56.75,$55.10
06/17/2021,$57.18,21498760,$57.05,$57.90,$56.70
06/16/2021,$57.22,21879680,$58.15,$58.37,$56.765
06/15/2021,$57.99,20806540,$58.21,$58.415,$57.8001
06/14/2021,$58.19,21784520,$58.02,$58.20,$57.23
06/11/2021,$57.85,18119740,$57.47,$57.94,$56.95
06/10/2021,$57.38,26738080,$57.15,$58.03,$56.925
06/09/2021,$57.00,13904790,$57.36,$57.475,$56.97
06/08/2021,$57.00,33254480,$57.45,$57.64,$56.60
06/07/2021,$57.09,17364400,$57.41,$57.44,$56.775
06/04/2021,$57.37,21493760,$56.55,$57.75,$56.54
06/03/2021,$56.24,21831300,$56.98,$57.10,$56.085
06/02/2021,$57.48,18483590,$56.91,$57.69,$56.755
06/01/2021,$56.89,20326370,$57.61,$57.82,$56.59
05/28/2021,$57.12,20309600,$57.55,$57.65,$56.94
05/27/2021,$57.73,32387640,$57.11,$57.88,$57.00
05/26/2021,$56.92,15173600,$57.05,$57.23,$56.585
05/25/2021,$56.87,22309870,$57.56,$57.56,$56.42
05/24/2021,$56.96,19164350,$56.648,$57.39,$56.40
05/21/2021,$56.08,17723090,$56.42,$56.71,$55.9801
05/20/2021,$55.95,23145170,$55.57,$56.24,$55.36
05/19/2021,$55.36,23769650,$54.07,$55.43,$53.8418
05/18/2021,$54.84,18703390,$55.95,$56.14,$54.80
05/17/2021,$55.33,19990820,$55.29,$55.89,$54.76
05/14/2021,$55.35,28158310,$54.6046,$55.8467,$54.255
05/13/2021,$54.01,29192470,$54.04,$54.39,$53.46
05/12/2021,$53.62,30232250,$54.39,$54.65,$53.42
05/11/2021,$55.04,35968050,$55.05,$55.63,$54.30
05/10/2021,$55.97,35046470,$57.147,$57.23,$55.88
05/07/2021,$57.67,19959040,$57.70,$58.01,$57.24
05/06/2021,$57.19,25529250,$56.615,$57.25,$56.245
05/05/2021,$56.85,21001930,$56.96,$57.30,$56.46
05/04/2021,$56.90,35323620,$56.88,$56.98,$55.81
05/03/2021,$57.26,22281700,$57.855,$57.8768,$56.84
04/30/2021,$57.53,30731840,$57.61,$58.43,$57.07
04/29/2021,$58.28,23290620,$57.88,$58.30,$57.47
04/28/2021,$57.62,30387350,$57.52,$58.16,$57.15
04/27/2021,$57.97,38167700,$58.555,$58.63,$57.77
04/26/2021,$58.76,39645910,$59.10,$59.52,$58.46
04/23/2021,$59.24,77519830,$59.16,$60.00,$57.90
04/22/2021,$62.57,38257620,$63.35,$63.91,$62.28
04/21/2021,$63.70,24364210,$62.79,$63.775,$62.30
04/20/2021,$62.70,19872120,$63.64,$63.76,$62.41
04/19/2021,$63.63,23997680,$64.70,$64.74,$63.07
04/16/2021,$64.75,24625460,$65.33,$65.52,$64.57
04/15/2021,$65.02,24927680,$63.97,$65.215,$63.6799
04/14/2021,$64.19,25768420,$65.31,$65.38,$63.84
04/13/2021,$65.22,26821990,$65.61,$65.6346,$64.21
04/12/2021,$65.405,51266880,$68.20,$68.49,$64.71
04/09/2021,$68.26,27177100,$66.798,$68.40,$66.63
04/08/2021,$67.05,22224220,$66.97,$67.29,$66.36
04/07/2021,$66.25,17793260,$65.67,$66.57,$65.36
04/06/2021,$65.56,28771400,$66.062,$66.575,$65.29
04/05/2021,$66.54,27947520,$64.95,$66.74,$64.70
04/01/2021,$64.55,31416250,$64.725,$64.89,$63.575
03/31/2021,$64.00,33013230,$64.01,$64.4899,$63.58
03/30/2021,$63.77,20709490,$63.77,$64.00,$63.15
03/29/2021,$64.50,26161610,$64.011,$65.125,$63.61
03/26/2021,$64.87,34705760,$61.80,$64.97,$61.77
03/25/2021,$62.02,35401430,$61.655,$62.44,$60.975
03/24/2021,$62.04,74584670,$66.58,$67.44,$61.99
03/23/2021,$63.48,35159950,$66.00,$66.05,$63.17
03/22/2021,$65.63,34380150,$64.82,$66.38,$64.56
03/19/2021,$63.76,54951650,$63.18,$64.99,$62.92
03/18/2021,$63.725,30107870,$65.63,$65.70,$63.65
03/17/2021,$65.78,32394650,$64.224,$66.29,$63.71
03/16/2021,$64.78,30186640,$64.15,$65.7302,$64.08
03/15/2021,$63.79,21251480,$63.61,$63.875,$62.48
03/12/2021,$62.90,20172960,$62.65,$63.30,$62.24
03/11/2021,$63.31,30701770,$62.94,$64.09,$62.39
03/10/2021,$62.25,27160320,$63.22,$64.12,$62.13
03/09/2021,$62.67,36387480,$61.18,$63.165,$60.84
03/08/2021,$59.85,33112390,$60.468,$61.695,$59.72
03/05/2021,$60.74,39511670,$59.26,$61.175,$58.51
03/04/2021,$58.33,40210350,$59.83,$60.235,$57.905
03/03/2021,$59.90,28740360,$60.64,$61.52,$59.70
03/02/2021,$61.24,23320020,$62.80,$63.14,$61.11
03/01/2021,$62.88,28503500,$61.72,$63.08,$61.65
02/26/2021,$60.78,38216770,$60.89,$61.69,$59.68
02/25/2021,$60.40,36393950,$62.405,$63.54,$60.13
02/24/2021,$63.19,24669870,$60.53,$63.28,$60.38
02/23/2021,$61.12,27374590,$60.48,$61.495,$59.17
02/22/2021,$60.71,32288180,$61.88,$62.70,$60.66
02/19/2021,$63.01,28290120,$61.91,$63.26,$61.85
02/18/2021,$61.61,17846140,$60.645,$61.98,$60.64
02/17/2021,$61.85,21065330,$61.49,$62.185,$61.21
02/16/2021,$62.47,26326300,$62.00,$62.87,$61.70
02/12/2021,$61.81,26214180,$60.60,$62.51,$60.43
02/11/2021,$60.66,27539120,$59.095,$60.99,$58.86
02/10/2021,$58.86,16325150,$59.30,$59.42,$58.12
02/09/2021,$58.78,28754080,$58.77,$59.31,$57.935
02/08/2021,$59.16,34358300,$58.375,$59.22,$57.95
02/05/2021,$58.18,23432610,$59.00,$59.08,$58.12
02/04/2021,$58.79,29853780,$57.61,$58.88,$57.19
02/03/2021,$57.68,21893190,$57.894,$58.33,$57.38
02/02/2021,$58.00,23580890,$57.19,$58.28,$56.88
02/01/2021,$56.69,26926640,$55.95,$57.39,$55.71
01/29/2021,$55.51,37256230,$55.98,$57.16,$55.355
01/28/2021,$56.065,49202560,$54.79,$57.40,$54.70
01/27/2021,$53.59,49722950,$54.61,$54.8481,$53.30
01/26/2021,$55.21,31485880,$55.275,$56.20,$54.85
01/25/2021,$55.44,61968550,$56.38,$56.50,$54.06
01/22/2021,$56.66,85729320,$58.85,$59.62,$56.65
01/21/2021,$62.46,87156460,$59.038,$63.95,$58.2233
01/20/2021,$58.67,28701260,$58.24,$59.22,$58.09
01/19/2021,$57.99,35647140,$57.94,$58.34,$57.10
01/15/2021,$57.58,50265360,$58.85,$59.65,$57.50
01/14/2021,$59.25,74680890,$58.45,$60.14,$57.84
01/13/2021,$56.95,124070700,$59.50,$60.25,$56.90
01/12/2021,$53.24,39883890,$51.90,$53.85,$51.56
01/11/2021,$51.54,32933280,$51.29,$52.24,$51.25
01/08/2021,$51.65,34625380,$52.45,$52.53,$51.27
01/07/2021,$52.19,32092340,$51.49,$52.69,$51.30
01/06/2021,$51.10,36809640,$50.435,$52.15,$50.20
01/05/2021,$50.61,24866560,$49.445,$50.83,$49.33
01/04/2021,$49.67,46102460,$49.89,$51.39,$49.4016
12/31/2020,$49.82,28576790,$48.75,$50.19,$48.72
12/30/2020,$48.75,37385410,$49.11,$49.19,$48.56
12/29/2020,$49.39,84531390,$47.22,$50.6667,$46.49
12/28/2020,$47.07,21269170,$47.19,$47.635,$46.86
12/24/2020,$47.07,11865640,$46.60,$47.09,$46.34
12/23/2020,$46.57,22564230,$46.165,$47.03,$46.07
12/22/2020,$46.17,32188770,$46.25,$46.34,$45.765
12/21/2020,$46.36,53775700,$46.32,$46.45,$45.24
12/18/2020,$47.46,119298400,$50.57,$50.68,$47.11
12/17/2020,$50.65,26399020,$51.15,$51.32,$50.22
12/16/2020,$51.12,28350980,$50.71,$51.46,$50.68
12/15/2020,$50.665,25472990,$50.98,$51.01,$50.21
12/14/2020,$50.47,33436400,$49.82,$51.34,$49.74
12/11/2020,$49.73,29398840,$50.14,$50.14,$49.115
12/10/2020,$50.26,33705980,$49.66,$50.72,$49.59
12/09/2020,$50.07,34068390,$50.28,$50.8383,$49.73
12/08/2020,$50.69,28956510,$49.83,$50.72,$49.81
12/07/2020,$50.20,51040300,$51.00,$51.29,$49.56
12/04/2020,$51.985,39767720,$51.06,$52.65,$51.00
12/03/2020,$50.99,50261150,$49.92,$51.11,$49.78
12/02/2020,$49.90,33753520,$49.22,$50.06,$49.18
12/01/2020,$49.56,57778190,$48.75,$50.225,$48.71
11/30/2020,$48.35,46332670,$47.42,$48.50,$47.265
11/27/2020,$47.45,15921420,$47.36,$48.10,$47.36
11/25/2020,$47.05,28126890,$47.03,$47.18,$46.57
11/24/2020,$47.01,33901170,$46.29,$47.30,$46.01
11/23/2020,$46.06,35489640,$45.48,$46.21,$45.45
11/20/2020,$45.39,24199280,$45.66,$45.88,$45.33
11/19/2020,$45.62,29469080,$44.92,$45.67,$44.70
11/18/2020,$45.06,32817920,$45.55,$45.685,$45.04
11/17/2020,$45.53,31072060,$45.75,$46.12,$45.405
11/16/2020,$46.19,36306290,$46.04,$46.75,$45.79
11/13/2020,$45.46,30898110,$44.99,$45.58,$44.97
11/12/2020,$44.95,42909920,$46.13,$46.19,$44.55
11/11/2020,$46.35,31496940,$45.90,$46.455,$45.86
11/10/2020,$45.44,39224460,$45.40,$46.48,$45.25
11/09/2020,$45.60,48481730,$46.64,$47.35,$45.54
11/06/2020,$45.39,36233680,$45.54,$45.795,$44.90
11/05/2020,$45.68,31103210,$46.15,$46.38,$45.525
11/04/2020,$45.70,34748150,$45.11,$46.15,$44.78
11/03/2020,$44.85,33587540,$44.73,$45.46,$44.70
11/02/2020,$44.46,33856740,$44.96,$45.055,$44.24
10/30/2020,$44.28,46794170,$44.10,$44.795,$43.61
10/29/2020,$44.11,36796800,$44.24,$44.47,$43.9201
10/28/2020,$44.25,45066010,$44.89,$45.285,$44.20
10/27/2020,$45.64,50130520,$45.98,$46.41,$45.36
10/26/2020,$46.72,54161290,$47.85,$47.86,$46.25
10/23/2020,$48.20,97322490,$48.35,$48.665,$47.66
10/22/2020,$53.90,41522740,$53.12,$54.22,$53.07
10/21/2020,$53.50,21866030,$53.14,$54.07,$52.82
10/20/2020,$53.43,27224900,$54.60,$54.70,$53.27
10/19/2020,$54.58,43537220,$54.47,$56.23,$53.84
10/16/2020,$54.16,23421390,$53.90,$54.70,$53.90
10/15/2020,$53.85,18272870,$52.75,$53.98,$52.62
10/14/2020,$53.55,21885110,$54.01,$54.40,$53.51
10/13/2020,$53.83,20005770,$54.27,$54.29,$53.62
10/12/2020,$53.88,27303470,$53.55,$54.20,$53.21
10/09/2020,$52.82,24343900,$53.55,$53.85,$52.67
10/08/2020,$53.37,22369540,$52.91,$53.58,$52.67
10/07/2020,$52.67,21978670,$51.85,$52.90,$51.79
10/06/2020,$51.37,25642790,$51.71,$52.70,$51.23
10/05/2020,$51.69,20883250,$51.30,$51.81,$51.27
10/02/2020,$51.01,25811770,$51.50,$51.9789,$50.99
10/01/2020,$52.24,22127580,$52.40,$52.72,$51.99
09/30/2020,$51.78,27711350,$51.24,$52.38,$51.15
09/29/2020,$51.19,19687450,$51.305,$51.735,$50.95
09/28/2020,$51.43,29652250,$50.51,$51.46,$50.16
09/25/2020,$49.94,26633410,$48.96,$50.28,$48.75
09/24/2020,$49.16,29343400,$48.53,$49.64,$48.42
09/23/2020,$48.82,30078800,$49.83,$50.145,$48.66
09/22/2020,$49.95,22290860,$49.89,$50.21,$49.47
09/21/2020,$49.72,27377120,$49.39,$49.745,$48.83
09/18/2020,$49.89,50123500,$50.33,$50.50,$49.04
09/17/2020,$50.32,26959930,$49.37,$50.485,$49.30
09/16/2020,$50.37,26555280,$50.51,$51.03,$50.165
09/15/2020,$50.00,27598260,$49.79,$50.60,$49.73
09/14/2020,$49.41,27212490,$48.85,$49.72,$48.85
09/11/2020,$49.28,29333570,$49.264,$50.05,$48.95
09/10/2020,$48.96,32649150,$50.00,$50.09,$48.71
09/09/2020,$49.62,33437270,$49.53,$49.9684,$49.04
09/08/2020,$48.91,39752690,$49.26,$49.90,$48.85
09/04/2020,$50.08,43318370,$50.53,$51.23,$49.49
09/03/2020,$50.39,47394340,$52.50,$52.62,$50.135
09/02/2020,$52.25,53000730,$51.21,$52.68,$51.09
09/01/2020,$50.79,30522710,$50.91,$51.00,$50.22
08/31/2020,$50.95,46114130,$51.00,$51.50,$50.32
08/28/2020,$50.43,35384680,$49.57,$50.80,$49.46
08/27/2020,$49.40,24420610,$49.79,$49.93,$49.17
08/26/2020,$49.55,28616620,$49.39,$49.67,$49.23
08/25/2020,$49.43,38384330,$49.35,$49.88,$49.21
08/24/2020,$49.14,36295310,$49.26,$49.40,$48.82
08/21/2020,$49.28,34316470,$49.02,$49.31,$48.65
08/20/2020,$49.17,55081340,$49.81,$50.20,$49.00
08/19/2020,$48.33,27774980,$48.785,$48.98,$48.25
08/18/2020,$48.65,19251400,$49.26,$49.57,$48.62
08/17/2020,$48.93,20018270,$49.11,$49.305,$48.73
08/14/2020,$48.89,22321170,$48.73,$49.21,$48.65
08/13/2020,$48.56,24774510,$49.26,$49.33,$48.385
08/12/2020,$49.19,30687170,$48.67,$49.26,$48.24
08/11/2020,$48.19,35348090,$49.63,$49.73,$48.06
08/10/2020,$49.22,37442610,$48.20,$49.39,$48.06
08/07/2020,$48.03,36765230,$48.53,$48.65,$47.70
08/06/2020,$48.57,23795530,$48.79,$48.82,$48.10
08/05/2020,$48.92,29471070,$49.72,$49.72,$48.66
08/04/2020,$49.13,29045840,$48.60,$49.14,$48.50
08/03/2020,$48.30,31767140,$48.27,$48.6267,$47.74
07/31/2020,$47.73,46569880,$48.13,$48.3216,$46.97
07/30/2020,$47.99,39735190,$47.83,$48.50,$47.59
07/29/2020,$48.07,60500810,$49.49,$49.50,$47.90
07/28/2020,$49.24,62362610,$49.48,$50.23,$49.14
07/27/2020,$49.57,107526500,$51.03,$51.14,$49.465
07/24/2020,$50.59,182269900,$52.15,$52.18,$49.50
07/23/2020,$60.40,43518550,$61.255,$61.74,$59.98
07/22/2020,$61.05,18959920,$61.31,$61.765,$60.62
07/21/2020,$60.70,19830310,$61.515,$61.9275,$60.44
07/20/2020,$61.15,16868660,$60.08,$61.38,$59.34
07/17/2020,$60.00,16322810,$59.42,$60.46,$59.28
07/16/2020,$59.14,12425870,$58.54,$59.36,$58.40
07/15/2020,$59.03,19986310,$59.03,$59.34,$58.42
07/14/2020,$58.98,24190870,$57.874,$59.25,$57.345
07/13/2020,$58.58,19082940,$59.84,$60.62,$58.39
07/10/2020,$59.53,17742320,$57.95,$59.69,$57.83
07/09/2020,$58.42,20683690,$58.20,$58.745,$57.70
07/08/2020,$58.61,13277870,$58.45,$58.695,$57.93
07/07/2020,$58.31,15996490,$59.07,$59.57,$58.14
07/06/2020,$59.54,20536720,$58.72,$59.62,$58.60
07/02/2020,$59.13,15578580,$59.19,$59.81,$58.97
07/01/2020,$58.81,14748070,$59.91,$60.03,$58.76
06/30/2020,$59.83,31542060,$58.71,$59.98,$58.54
06/29/2020,$58.27,22150270,$57.47,$58.35,$56.76
06/26/2020,$57.50,38477510,$58.49,$58.73,$57.07
06/25/2020,$58.51,21906940,$58.98,$59.09,$57.48
06/24/2020,$59.09,27764480,$59.64,$59.805,$58.67
06/23/2020,$59.92,22809580,$60.19,$60.47,$59.8612
06/22/2020,$60.09,22846010,$59.73,$60.545,$58.83
06/19/2020,$59.62,60324580,$60.65,$60.89,$59.10
06/18/2020,$60.08,24899700,$60.35,$60.51,$59.32
06/17/2020,$60.49,20454770,$60.74,$61.28,$60.06
06/16/2020,$60.40,23226630,$61.49,$61.65,$59.49
06/15/2020,$60.10,29651720,$59.33,$60.36,$58.58
06/12/2020,$59.33,30419770,$60.11,$60.96,$58.121
06/11/2020,$59.70,26998240,$63.07,$63.30,$59.52
06/10/2020,$63.87,21367850,$62.79,$64.289,$62.75
06/09/2020,$63.04,23594130,$62.994,$63.71,$62.90
06/08/2020,$63.67,21546180,$63.97,$64.15,$62.94
06/05/2020,$64.34,26813100,$63.36,$65.11,$63.16
06/04/2020,$62.97,22010140,$61.74,$63.47,$61.3438
06/03/2020,$61.93,16737270,$62.45,$62.54,$61.53
06/02/2020,$62.12,20702350,$61.70,$62.17,$60.825
06/01/2020,$61.86,14329040,$62.485,$62.66,$61.66
05/29/2020,$62.93,33395740,$61.90,$63.66,$61.62
05/28/2020,$61.70,17264130,$63.00,$63.45,$61.49
05/27/2020,$63.56,19886270,$62.32,$63.59,$61.07
05/26/2020,$62.34,20933560,$63.68,$64.14,$62.12
05/22/2020,$62.255,14103010,$61.98,$62.32,$61.42
05/21/2020,$61.98,20987740,$63.095,$63.80,$61.82
05/20/2020,$63.10,30583990,$61.16,$63.489,$61.02
05/19/2020,$60.29,21865010,$60.13,$61.77,$59.85
05/18/2020,$59.92,20443710,$59.741,$60.28,$59.36
05/15/2020,$58.28,21373270,$57.40,$58.37,$56.96
05/14/2020,$59.08,21569350,$57.32,$59.15,$56.10
05/13/2020,$57.74,21064970,$58.45,$59.23,$56.90
05/12/2020,$58.39,16754900,$60.22,$60.64,$58.26
05/11/2020,$60.13,18684440,$59.74,$60.84,$59.71
05/08/2020,$59.67,20391090,$59.669,$59.78,$59.05
05/07/2020,$59.17,14733520,$59.93,$60.0969,$58.92
05/06/2020,$59.18,17848660,$59.04,$59.95,$58.94
05/05/2020,$58.75,17252060,$58.79,$59.30,$58.35
05/04/2020,$57.99,18957230,$57.12,$58.07,$56.31
05/01/2020,$57.47,21194800,$58.83,$59.32,$57.31
04/30/2020,$59.98,26279880,$61.367,$61.54,$59.75
04/29/2020,$61.80,30451540,$59.44,$62.03,$59.32
04/28/2020,$58.75,28784710,$59.99,$60.22,$58.26
04/27/2020,$59.47,25902240,$59.72,$59.83,$58.385
04/24/2020,$59.26,50220510,$56.20,$59.40,$56.10
04/23/2020,$59.04,35091950,$59.674,$60.10,$58.81
04/22/2020,$60.10,23443750,$58.27,$60.50,$57.81
04/21/2020,$56.36,25248030,$58.11,$58.60,$55.93
04/20/2020,$59.18,26419610,$59.279,$60.04,$58.89
04/17/2020,$60.36,27385640,$62.02,$62.13,$59.825
04/16/2020,$60.79,24433520,$59.61,$60.96,$58.81
04/15/2020,$58.87,22841550,$59.74,$59.83,$58.385
04/14/2020,$60.66,25673990,$60.038,$60.90,$59.51
04/13/2020,$58.70,23251940,$56.57,$58.77,$56.57
04/09/2020,$57.14,40515420,$59.36,$59.72,$56.06
04/08/2020,$58.98,26719500,$58.99,$59.51,$57.91
04/07/2020,$58.40,41410010,$59.94,$61.49,$58.21
04/06/2020,$58.43,32323390,$56.63,$58.77,$56.12
04/03/2020,$54.13,23906060,$53.85,$55.13,$52.73
04/02/2020,$54.35,27809990,$51.29,$54.56,$51.22
04/01/2020,$51.88,29586560,$52.50,$54.69,$51.43
03/31/2020,$54.12,48081860,$55.06,$55.795,$53.22
03/30/2020,$55.49,31628610,$52.99,$56.10,$52.83
03/27/2020,$52.37,31633490,$53.42,$54.64,$52.065
03/26/2020,$55.54,41475410,$51.74,$55.95,$51.66
03/25/2020,$51.26,41106060,$52.48,$53.785,$49.91
03/24/2020,$52.40,50019750,$53.14,$54.64,$51.35
03/23/2020,$49.58,46698480,$46.02,$50.49,$45.9132
03/20/2020,$45.83,52344050,$46.51,$49.42,$45.47
03/19/2020,$45.94,44538030,$47.84,$49.23,$45.16
03/18/2020,$47.61,49309880,$46.71,$50.05,$45.20
03/17/2020,$50.08,52085160,$45.755,$51.63,$45.20
03/16/2020,$44.61,53878940,$47.51,$52.25,$43.63
03/13/2020,$54.43,48805060,$48.26,$55.00,$47.74
03/12/2020,$45.54,50661750,$47.99,$50.091,$45.37
03/11/2020,$51.66,38573960,$52.39,$53.54,$51.01
03/10/2020,$53.98,36568950,$52.76,$54.00,$50.43
03/09/2020,$50.85,56196980,$51.92,$52.71,$50.00
03/06/2020,$55.77,36259160,$55.18,$56.01,$54.54
03/05/2020,$56.96,29099160,$57.06,$58.66,$56.61
03/04/2020,$58.68,29223070,$57.01,$58.71,$56.16
03/03/2020,$55.97,49740280,$58.03,$59.02,$55.40
03/02/2020,$58.18,43140300,$55.79,$58.22,$54.52
02/28/2020,$55.52,60728000,$54.30,$56.38,$53.60
02/27/2020,$55.83,42226860,$57.93,$58.51,$55.80
02/26/2020,$59.65,26217740,$60.11,$60.82,$59.27
02/25/2020,$59.73,34495730,$61.99,$62.28,$59.46
02/24/2020,$61.76,26903120,$61.614,$62.77,$61.32
02/21/2020,$64.34,20780470,$65.18,$65.25,$64.04
02/20/2020,$65.45,26452590,$67.04,$67.29,$64.56
02/19/2020,$67.11,13551200,$66.39,$67.20,$66.18
02/18/2020,$66.14,12766570,$66.66,$66.69,$65.88
02/14/2020,$67.27,13405450,$67.52,$67.865,$66.82
02/13/2020,$67.44,11602730,$66.99,$67.65,$66.739
02/12/2020,$67.46,15586600,$67.60,$68.09,$67.31
02/11/2020,$67.41,17975620,$66.83,$67.71,$66.57
02/10/2020,$66.39,22299290,$65.56,$66.40,$65.44
02/07/2020,$66.02,18134650,$66.86,$67.30,$66.01
02/06/2020,$67.09,17408040,$67.30,$67.40,$66.77
02/05/2020,$67.34,23401420,$66.69,$67.60,$66.13
02/04/2020,$65.46,20970750,$65.77,$66.06,$64.92
02/03/2020,$64.42,16654560,$64.455,$65.04,$64.30
01/31/2020,$63.93,25268430,$65.80,$65.98,$63.67
01/30/2020,$66.47,18522360,$65.64,$66.50,$64.93
01/29/2020,$66.33,18076690,$67.63,$68.06,$66.17
01/28/2020,$67.31,30915390,$66.50,$67.58,$65.94
01/27/2020,$65.69,30764000,$66.72,$67.42,$65.60
01/24/2020,$68.47,84711040,$66.57,$69.29,$66.46
01/23/2020,$63.32,42778740,$62.86,$63.705,$62.81
01/22/2020,$62.73,29475120,$61.04,$62.85,$60.97
01/21/2020,$60.55,28358470,$59.81,$61.25,$59.79
01/17/2020,$59.60,21803450,$59.98,$60.00,$59.2403
01/16/2020,$59.66,21365530,$59.26,$59.84,$59.07
01/15/2020,$58.94,18498800,$59.30,$59.65,$58.75
01/14/2020,$59.43,17092450,$59.49,$59.74,$59.185
01/13/2020,$59.59,16455830,$59.17,$59.775,$59.08
01/10/2020,$58.94,15201930,$59.57,$60.075,$58.87
01/09/2020,$59.30,18818490,$59.05,$59.51,$58.83
01/08/2020,$58.97,23138270,$58.89,$59.32,$58.52
01/07/2020,$58.93,21960520,$59.78,$59.80,$58.89
01/06/2020,$59.93,17759140,$59.59,$60.195,$59.33
01/03/2020,$60.10,15298580,$59.81,$60.70,$59.81
01/02/2020,$60.84,17713400,$60.24,$60.97,$60.22
12/31/2019,$59.85,14435830,$59.62,$59.93,$59.36
12/30/2019,$59.62,12751110,$59.99,$60.05,$59.38
12/27/2019,$60.08,14086150,$59.91,$60.48,$59.90
12/26/2019,$59.82,11486640,$59.41,$59.85,$59.35
12/24/2019,$59.41,6313179,$59.25,$59.48,$59.16
12/23/2019,$59.23,23593190,$59.06,$59.78,$59.04
12/20/2019,$58.95,49970820,$58.32,$59.05,$57.89
12/19/2019,$57.96,18869000,$57.17,$57.99,$56.965
12/18/2019,$57.17,28273060,$57.39,$57.455,$56.94
12/17/2019,$57.30,21656380,$58.00,$58.10,$57.13
12/16/2019,$57.70,19135290,$58.21,$58.57,$57.65
12/13/2019,$57.79,22795850,$57.55,$58.34,$57.38
12/12/2019,$57.55,27896160,$56.75,$58.05,$56.61
12/11/2019,$57.07,20051870,$56.91,$57.17,$56.58
12/10/2019,$56.59,16157980,$56.71,$56.83,$56.44
12/09/2019,$56.53,14467820,$56.54,$56.96,$56.50
12/06/2019,$56.81,16477410,$56.66,$56.99,$56.42
12/05/2019,$56.08,17675580,$56.41,$56.41,$55.76
12/04/2019,$56.02,18882730,$56.66,$56.66,$55.86
12/03/2019,$56.07,26613650,$56.86,$56.86,$55.75
12/02/2019,$57.66,19166770,$58.55,$58.69,$57.47
11/29/2019,$58.05,9481129,$58.15,$58.295,$57.79
11/27/2019,$58.51,18185510,$58.53,$58.59,$57.905
11/26/2019,$58.90,22381500,$58.95,$59.13,$58.45
11/25/2019,$58.81,15012420,$58.00,$58.84,$58.00
11/22/2019,$57.61,15690160,$58.34,$58.65,$57.49
11/21/2019,$58.22,16139030,$57.49,$58.30,$57.41
11/20/2019,$57.90,18559090,$58.26,$58.36,$57.3664
11/19/2019,$58.35,17062830,$58.48,$58.65,$57.75
11/18/2019,$58.25,16101280,$57.70,$58.48,$57.57
11/15/2019,$57.96,16112990,$58.17,$58.70,$57.62
11/14/2019,$57.81,12141220,$57.61,$58.04,$57.57
11/13/2019,$57.89,15409830,$57.87,$57.97,$57.35
11/12/2019,$58.20,11954040,$58.40,$58.80,$58.03
11/11/2019,$58.35,11236370,$57.97,$58.50,$57.90
11/08/2019,$58.27,11890270,$57.85,$58.30,$57.31
11/07/2019,$58.05,16962850,$58.00,$58.55,$57.855
11/06/2019,$57.60,17721000,$57.49,$57.71,$56.98
11/05/2019,$57.55,20865350,$57.47,$58.35,$57.21
11/04/2019,$57.61,19067980,$56.93,$57.80,$56.85
11/01/2019,$56.51,17953470,$55.94,$56.6465,$55.62
10/31/2019,$56.53,19249680,$56.33,$56.60,$55.62
10/30/2019,$56.60,15248000,$56.32,$56.63,$55.615
10/29/2019,$56.34,18155770,$56.37,$57.24,$56.24
10/28/2019,$56.76,32307510,$56.38,$56.81,$56.06
10/25/2019,$56.46,59767680,$54.19,$56.61,$53.92
10/24/2019,$52.23,25654060,$52.09,$52.43,$51.43
10/23/2019,$51.72,15961600,$51.37,$51.96,$51.20
10/22/2019,$52.01,13347320,$51.90,$52.32,$51.8903
10/21/2019,$52.13,13120650,$51.52,$52.17,$51.34
10/18/2019,$51.36,16975160,$51.75,$51.82,$51.0291
10/17/2019,$51.86,16918320,$52.635,$52.84,$51.38
10/16/2019,$52.445,15173070,$52.35,$52.56,$52.12
10/15/2019,$52.65,18970760,$51.93,$53.07,$51.83
10/14/2019,$51.64,16425530,$51.90,$51.95,$51.44
10/11/2019,$52.09,24167110,$52.00,$52.79,$51.82
10/10/2019,$51.11,14611660,$50.41,$51.775,$50.40
10/09/2019,$50.48,12189960,$50.47,$50.79,$50.15
10/08/2019,$49.725,17884430,$50.16,$50.48,$49.61
10/07/2019,$50.62,12722050,$50.70,$51.23,$50.56
10/04/2019,$50.92,12748070,$50.35,$50.97,$50.03
10/03/2019,$50.03,17235570,$49.50,$50.07,$48.532
10/02/2019,$49.39,21437000,$50.31,$50.37,$48.98
10/01/2019,$50.76,18487340,$51.97,$52.24,$50.43
09/30/2019,$51.53,14059200,$51.19,$51.595,$50.9384
09/27/2019,$50.78,14846410,$50.63,$51.22,$50.34
09/26/2019,$50.92,11482110,$50.98,$51.145,$50.34
09/25/2019,$51.02,20120840,$49.75,$51.21,$49.42
09/24/2019,$49.82,28472930,$51.10,$51.18,$49.64
09/23/2019,$50.90,21574150,$50.83,$51.225,$50.39
09/20/2019,$50.72,38632500,$51.60,$51.88,$50.56
09/19/2019,$51.57,11849920,$51.70,$51.99,$51.50
09/18/2019,$51.74,15029860,$52.13,$52.13,$51.16
09/17/2019,$51.95,19888220,$52.05,$52.144,$51.35
09/16/2019,$52.20,13354590,$51.90,$52.285,$51.7011
09/13/2019,$52.54,18010810,$52.76,$53.00,$52.2349
09/12/2019,$53.01,23308710,$53.00,$53.33,$52.065
09/11/2019,$52.79,18968940,$51.60,$52.79,$51.38
09/10/2019,$51.82,18532030,$51.33,$51.84,$50.825
09/09/2019,$51.59,20749660,$51.06,$52.03,$51.02
09/06/2019,$50.92,17067940,$50.25,$50.99,$50.07
09/05/2019,$50.10,30023120,$49.925,$51.17,$49.87
09/04/2019,$48.92,23472110,$47.56,$48.95,$47.54
09/03/2019,$46.98,15010270,$47.12,$47.22,$46.495
08/30/2019,$47.41,16923150,$47.24,$47.79,$47.16
08/29/2019,$46.87,17806110,$46.46,$47.22,$46.40
08/28/2019,$45.79,14895350,$45.70,$45.91,$45.37
08/27/2019,$45.79,16927570,$45.87,$46.12,$45.50
08/26/2019,$45.56,22086630,$45.82,$45.82,$45.25
08/23/2019,$44.96,32817080,$46.35,$46.63,$44.80
08/22/2019,$46.78,19785890,$47.28,$47.43,$46.69
08/21/2019,$47.15,15915800,$47.11,$47.29,$46.8901
08/20/2019,$46.60,23115320,$47.03,$47.12,$46.46
08/19/2019,$47.23,21404920,$47.46,$47.60,$47.04
08/16/2019,$46.50,23335690,$46.34,$46.68,$46.06
08/15/2019,$45.70,21992680,$46.10,$46.18,$45.435
08/14/2019,$45.87,25650220,$46.06,$46.625,$45.65
08/13/2019,$46.84,29374660,$45.49,$47.045,$45.36
08/12/2019,$45.60,18494300,$45.76,$46.07,$45.44
08/09/2019,$45.98,24975460,$46.94,$47.00,$45.78
08/08/2019,$47.17,30643740,$46.16,$47.365,$45.91
08/07/2019,$46.73,29440390,$46.30,$46.88,$45.97
08/06/2019,$46.96,26119560,$47.15,$47.56,$46.765
08/05/2019,$46.97,38936650,$47.76,$47.9599,$46.57
08/02/2019,$48.68,27881620,$49.09,$49.36,$48.50
08/01/2019,$49.50,34020780,$50.52,$51.89,$49.47
07/31/2019,$50.55,24169750,$51.51,$51.72,$50.05
07/30/2019,$51.70,16487690,$51.71,$52.31,$51.56
07/29/2019,$52.51,21897460,$51.53,$52.5599,$50.78
07/26/2019,$51.59,36401550,$52.69,$53.50,$51.53
07/25/2019,$52.16,27765430,$52.51,$52.60,$51.88
07/24/2019,$52.92,20896370,$51.98,$52.97,$51.80
07/23/2019,$51.75,18413520,$52.00,$52.00,$51.30
07/22/2019,$51.35,21686530,$50.005,$51.515,$49.89
07/19/2019,$50.27,29141090,$49.96,$50.66,$49.91
07/18/2019,$49.94,15679640,$49.28,$49.99,$48.89
07/17/2019,$49.39,11928610,$49.50,$49.70,$49.24
07/16/2019,$49.17,17131370,$49.91,$50.00,$48.96
07/15/2019,$50.12,14345080,$50.00,$50.25,$49.7693
07/12/2019,$49.92,20148730,$49.00,$49.93,$48.81
07/11/2019,$48.60,16615080,$48.56,$48.78,$48.31
07/10/2019,$48.21,16032270,$47.92,$48.61,$47.90
07/09/2019,$47.75,17853190,$47.36,$47.80,$47.13
07/08/2019,$47.82,16564290,$47.62,$47.95,$47.07
07/05/2019,$48.08,14339230,$48.03,$48.175,$47.44
07/03/2019,$48.52,10739100,$48.18,$48.56,$47.995
07/02/2019,$48.12,15384690,$47.91,$48.22,$47.69
07/01/2019,$48.05,27505450,$49.29,$49.45,$47.745
06/28/2019,$47.87,26646180,$47.77,$48.20,$47.68
06/27/2019,$47.46,23062950,$48.15,$48.42,$47.24
06/26/2019,$48.19,21886310,$47.65,$48.48,$47.56
06/25/2019,$46.85,16665580,$47.56,$47.68,$46.80
06/24/2019,$47.63,14479940,$47.40,$47.8455,$47.17
06/21/2019,$47.46,31096250,$46.95,$47.73,$46.80
06/20/2019,$47.19,20126780,$47.87,$48.05,$46.87
06/19/2019,$47.07,17436380,$47.48,$47.58,$47.00
06/18/2019,$47.37,25732290,$46.75,$48.00,$46.60
06/17/2019,$46.13,12643340,$46.14,$46.53,$45.80
06/14/2019,$46.19,15381080,$45.83,$46.42,$45.5459
06/13/2019,$46.70,12267630,$46.60,$46.955,$46.53
06/12/2019,$46.32,15900570,$46.67,$46.67,$46.25
06/11/2019,$46.85,18415500,$47.26,$47.32,$46.52
06/10/2019,$46.80,20806080,$46.23,$47.19,$46.20
06/07/2019,$46.03,24370250,$45.25,$46.12,$45.10
06/06/2019,$45.10,19076170,$44.75,$45.17,$44.505
06/05/2019,$44.55,20802010,$45.11,$45.18,$44.19
06/04/2019,$44.79,28094920,$44.16,$44.855,$43.77
06/03/2019,$43.46,31155680,$44.25,$44.585,$43.20
05/31/2019,$44.04,25532530,$44.18,$44.79,$43.93
05/30/2019,$44.73,21618860,$44.30,$45.03,$44.23
05/29/2019,$44.23,28450340,$43.35,$44.53,$43.3333
05/28/2019,$43.57,34779860,$44.66,$44.69,$43.30
05/24/2019,$44.57,27168070,$44.59,$45.05,$44.49
05/23/2019,$44.53,35783930,$43.37,$44.74,$42.86
05/22/2019,$44.00,16932520,$44.15,$44.46,$43.845
05/21/2019,$44.46,25543370,$44.34,$44.78,$44.175
05/20/2019,$43.56,28674970,$44.00,$44.52,$43.4538
05/17/2019,$44.89,22500360,$45.18,$45.73,$44.7637
05/16/2019,$45.53,19954650,$45.47,$45.95,$45.42
05/15/2019,$45.62,23407890,$44.92,$45.75,$44.76
05/14/2019,$45.17,24706460,$45.18,$45.485,$44.87
05/13/2019,$44.76,39091930,$45.33,$45.64,$44.70
05/10/2019,$46.20,42522780,$46.44,$46.80,$45.10
05/09/2019,$46.62,59642160,$47.90,$48.29,$46.05
05/08/2019,$49.24,36812430,$50.20,$50.79,$49.07
05/07/2019,$50.48,29713380,$50.60,$50.88,$49.93
05/06/2019,$51.22,26245240,$50.25,$51.28,$50.19
05/03/2019,$51.75,25656640,$51.08,$51.82,$50.73
05/02/2019,$50.55,22655400,$50.80,$51.325,$50.12
05/01/2019,$50.76,20467580,$51.10,$51.60,$50.74
04/30/2019,$51.04,25617960,$51.00,$51.43,$50.87
04/29/2019,$51.11,38546980,$52.17,$52.43,$51.00
04/26/2019,$52.43,72319400,$52.74,$53.09,$51.52
04/25/2019,$57.61,27494710,$58.30,$58.38,$57.23
04/24/2019,$58.72,17603860,$58.52,$59.2899,$58.14
04/23/2019,$58.78,17016380,$58.89,$58.98,$58.50
04/22/2019,$58.82,12313140,$58.15,$58.83,$57.88
04/18/2019,$58.49,20014510,$58.71,$58.88,$58.1238
04/17/2019,$58.56,38572210,$58.44,$59.59,$58.12
04/16/2019,$56.71,30057100,$56.66,$57.47,$56.07
04/15/2019,$56.28,10986910,$56.46,$56.555,$55.92
04/12/2019,$56.42,12639630,$56.21,$56.49,$55.84
04/11/2019,$55.80,10807340,$55.76,$56.07,$55.63
04/10/2019,$55.75,12841760,$55.32,$55.86,$55.32
04/09/2019,$55.32,13204510,$55.35,$55.43,$54.90
04/08/2019,$55.68,11751750,$55.28,$55.74,$55.20
04/05/2019,$55.60,18919000,$55.75,$55.95,$54.87
04/04/2019,$55.92,16421070,$55.27,$56.14,$55.27
04/03/2019,$55.48,24439760,$55.03,$55.99,$54.89
04/02/2019,$54.36,13507980,$54.53,$54.80,$54.225
04/01/2019,$54.51,17216940,$54.34,$54.57,$54.10
03/29/2019,$53.70,18568690,$53.80,$54.04,$53.48
03/28/2019,$53.11,13479770,$53.25,$53.44,$52.77
03/27/2019,$53.16,19185200,$53.59,$53.86,$52.94
03/26/2019,$53.44,17709670,$53.32,$53.77,$53.04
03/25/2019,$52.78,16638820,$52.97,$53.545,$52.375
03/22/2019,$53.26,21329170,$54.40,$54.615,$53.21
03/21/2019,$54.64,18715860,$53.92,$54.99,$53.84
03/20/2019,$53.82,23330720,$54.06,$54.40,$53.61
03/19/2019,$54.17,17045060,$54.47,$54.645,$54.00
03/18/2019,$54.10,15900080,$54.42,$54.505,$53.87
03/15/2019,$54.33,46483390,$53.68,$54.69,$53.68
03/14/2019,$53.44,26581850,$54.30,$54.45,$53.33
03/13/2019,$54.37,25516130,$54.00,$54.57,$53.65
03/12/2019,$53.57,20759890,$53.34,$53.96,$53.175
03/11/2019,$53.35,18125150,$52.88,$53.65,$52.57
03/08/2019,$52.48,16789600,$51.97,$52.56,$51.70
03/07/2019,$52.60,17802960,$52.77,$52.985,$52.36
03/06/2019,$52.95,14707390,$53.63,$53.65,$52.94
03/05/2019,$53.68,20073560,$53.85,$53.99,$53.11
03/04/2019,$53.94,21553130,$53.75,$54.10,$53.205
03/01/2019,$53.30,18297780,$53.44,$53.68,$52.89
02/28/2019,$52.96,18124460,$52.92,$53.18,$52.81
02/27/2019,$53.24,17588260,$52.76,$53.38,$52.51
02/26/2019,$53.23,16029950,$53.01,$53.37,$52.91
02/25/2019,$53.10,20558900,$53.06,$53.61,$52.86
02/22/2019,$52.49,31916620,$52.70,$52.975,$52.055
02/21/2019,$51.41,16090480,$51.32,$51.84,$51.21
02/20/2019,$51.39,20795430,$51.63,$51.73,$51.06
02/19/2019,$51.40,15579990,$51.35,$51.71,$51.34
02/15/2019,$51.66,22512380,$51.25,$51.67,$51.09
02/14/2019,$50.81,17530450,$50.41,$51.04,$50.35
02/13/2019,$50.47,17501310,$50.13,$50.81,$50.00
02/12/2019,$50.01,18039220,$49.36,$50.14,$49.27
02/11/2019,$48.77,17998810,$49.02,$49.32,$48.58
02/08/2019,$48.84,18848690,$48.77,$49.02,$48.01
02/07/2019,$49.23,27807690,$49.50,$49.85,$48.68
02/06/2019,$49.90,21642300,$49.95,$50.64,$49.82
02/05/2019,$50.01,31577230,$49.18,$50.7159,$49.18
02/04/2019,$49.22,20851710,$48.62,$49.24,$48.24
02/01/2019,$48.73,37424720,$47.06,$49.05,$47.01
01/31/2019,$47.12,41457610,$46.70,$47.18,$46.10
01/30/2019,$47.54,26746480,$46.68,$47.68,$46.45
01/29/2019,$46.54,20915270,$46.78,$46.97,$46.33
01/28/2019,$46.71,35518250,$46.13,$46.73,$46.05
01/25/2019,$47.04,86449630,$46.85,$47.43,$45.75
01/24/2019,$49.76,49770590,$48.70,$50.035,$48.60
01/23/2019,$47.94,18876580,$48.41,$48.80,$47.52
01/22/2019,$48.27,25930810,$48.96,$48.98,$47.87
01/18/2019,$49.19,29788730,$49.11,$49.38,$48.69
01/17/2019,$48.47,17224030,$48.00,$48.84,$47.905
01/16/2019,$48.13,18936240,$48.60,$48.89,$48.08
01/15/2019,$48.60,22401790,$48.71,$49.13,$48.44
01/14/2019,$48.35,19035810,$48.46,$48.83,$48.30
01/11/2019,$48.93,21599330,$48.10,$49.291,$48.05
01/10/2019,$48.56,27126590,$47.75,$48.65,$47.41
01/09/2019,$48.01,22528800,$47.96,$48.57,$47.78
01/08/2019,$47.74,22551790,$47.80,$48.03,$46.78
01/07/2019,$47.44,22491020,$47.10,$47.995,$46.75
01/04/2019,$47.22,35321630,$45.835,$47.57,$45.54
01/03/2019,$44.49,31967690,$46.15,$46.28,$44.39
01/02/2019,$47.08,18733890,$45.96,$47.47,$45.77
12/31/2018,$46.93,20484740,$47.09,$47.48,$46.55
12/28/2018,$46.75,24701860,$46.51,$47.74,$46.30
12/27/2018,$46.36,28821130,$45.62,$46.38,$44.67
12/26/2018,$46.19,28570180,$44.00,$46.20,$43.51
12/24/2018,$43.59,19241560,$44.63,$45.17,$43.54
12/21/2018,$44.84,52528650,$45.75,$46.65,$44.80
12/20/2018,$45.54,37665490,$45.41,$46.31,$45.01
12/19/2018,$45.57,39301200,$47.49,$47.73,$45.38
12/18/2018,$47.74,28021790,$47.47,$48.45,$47.36
12/17/2018,$47.08,26382210,$47.86,$48.41,$46.66
12/14/2018,$47.86,26366290,$47.89,$48.76,$47.85
12/13/2018,$48.29,19303560,$48.26,$48.58,$47.855
12/12/2018,$47.83,31251120,$48.58,$48.64,$47.41
12/11/2018,$47.38,20956500,$47.90,$48.59,$47.13
12/10/2018,$47.21,22818690,$46.28,$47.46,$46.01
12/07/2018,$46.24,33055310,$47.94,$48.06,$46.23
12/06/2018,$48.37,31225600,$46.80,$48.39,$46.52
12/04/2018,$47.75,33374960,$49.52,$49.60,$47.675
12/03/2018,$50.13,29972310,$50.00,$50.495,$49.53
11/30/2018,$49.31,43281210,$47.95,$49.32,$47.56
11/29/2018,$47.70,23230250,$48.49,$48.56,$47.63
11/28/2018,$48.86,27660080,$47.935,$48.88,$47.65
11/27/2018,$48.07,27598840,$46.94,$48.22,$46.59
11/26/2018,$47.45,19976140,$47.27,$47.46,$46.70
11/23/2018,$46.54,8906879,$46.69,$47.07,$46.52
11/21/2018,$47.03,18811570,$47.85,$47.88,$47.02
11/20/2018,$47.39,29192730,$47.40,$48.12,$47.09
11/19/2018,$48.00,26435640,$48.61,$49.15,$47.78
11/16/2018,$48.83,31417980,$47.77,$49.05,$47.69
11/15/2018,$48.11,28937860,$47.01,$48.24,$46.72
11/14/2018,$47.09,25375230,$47.85,$47.965,$46.89
11/13/2018,$47.39,29284040,$46.99,$48.25,$46.99
11/12/2018,$46.65,24055970,$47.71,$47.80,$46.60
11/09/2018,$48.11,21752760,$48.79,$49.025,$47.87
11/08/2018,$48.99,26579920,$48.49,$49.29,$48.46
11/07/2018,$48.72,29900000,$47.63,$48.75,$47.59
11/06/2018,$47.25,23802430,$47.80,$47.92,$47.03
11/05/2018,$47.97,23742310,$47.34,$48.25,$46.92
11/02/2018,$47.11,30630070,$48.13,$48.25,$46.75
11/01/2018,$48.22,28215450,$46.95,$48.47,$46.86
10/31/2018,$46.88,33343570,$48.29,$48.56,$46.83
10/30/2018,$47.76,43941200,$45.53,$47.88,$45.46
10/29/2018,$45.40,35444440,$46.50,$46.75,$44.44
10/26/2018,$45.69,67247680,$45.59,$46.44,$44.70
10/25/2018,$44.31,47052220,$43.54,$44.94,$43.28
10/24/2018,$42.42,33189380,$44.16,$44.36,$42.36
10/23/2018,$44.50,38244220,$44.18,$45.09,$43.91
10/22/2018,$45.01,34236640,$44.50,$45.34,$44.10
10/19/2018,$44.00,28270420,$45.02,$45.18,$43.86
10/18/2018,$44.97,26311200,$45.65,$45.75,$44.83
10/17/2018,$45.89,23111280,$46.00,$46.33,$45.54
10/16/2018,$45.94,21268670,$44.90,$46.01,$44.825
10/15/2018,$44.53,21407880,$44.63,$45.14,$44.44
10/12/2018,$44.88,31749480,$45.27,$45.3429,$44.23
10/11/2018,$44.23,43483080,$45.15,$45.61,$43.73
10/10/2018,$44.80,41642550,$46.06,$46.12,$44.80
10/09/2018,$46.55,23272260,$47.18,$47.62,$46.54
10/08/2018,$47.03,18524970,$46.96,$47.35,$46.52
10/05/2018,$47.03,28893760,$48.23,$48.34,$46.66
10/04/2018,$48.13,28662300,$48.84,$48.86,$47.62
10/03/2018,$48.76,38872430,$48.62,$49.72,$48.56
10/02/2018,$48.10,40746390,$47.51,$48.88,$47.32
10/01/2018,$46.45,23653550,$46.79,$47.22,$46.20
09/28/2018,$47.29,46200440,$45.62,$47.75,$45.46
09/27/2018,$45.88,15287150,$45.91,$46.165,$45.73
09/26/2018,$45.70,23412530,$46.04,$46.30,$45.58
09/25/2018,$45.91,22027790,$46.22,$46.39,$45.80
09/24/2018,$46.91,17831910,$46.31,$47.00,$46.15
09/21/2018,$46.66,52262680,$47.12,$47.419,$46.37
09/20/2018,$47.20,21765110,$46.78,$47.36,$46.52
09/19/2018,$46.15,15829560,$46.09,$46.44,$45.89
09/18/2018,$46.10,20366080,$45.58,$46.53,$45.41
09/17/2018,$45.42,17242530,$45.29,$45.90,$45.19
09/14/2018,$45.54,22697430,$45.78,$45.965,$45.35
09/13/2018,$45.57,18498420,$45.68,$45.85,$45.11
09/12/2018,$44.93,29723230,$44.56,$44.98,$44.06
09/11/2018,$44.93,32438230,$46.00,$46.03,$44.89
09/10/2018,$46.30,21264970,$46.56,$46.76,$46.23
09/07/2018,$46.45,25792810,$46.91,$47.48,$46.36
09/06/2018,$47.26,19315070,$47.76,$47.96,$47.21
09/05/2018,$47.72,20798820,$47.75,$48.12,$47.47
09/04/2018,$47.96,15669670,$48.38,$48.4267,$47.5601
08/31/2018,$48.43,16385680,$47.96,$48.56,$47.92
08/30/2018,$48.24,16279490,$48.52,$48.83,$48.09
08/29/2018,$48.75,13296010,$48.70,$48.86,$48.40
08/28/2018,$48.57,13468210,$48.55,$48.79,$48.31
08/27/2018,$48.35,17096430,$48.00,$48.39,$47.63
08/24/2018,$47.66,17912840,$47.29,$47.89,$47.08
08/23/2018,$46.98,31038380,$46.86,$47.17,$46.71
08/22/2018,$47.05,23097140,$47.25,$47.35,$46.92
08/21/2018,$47.62,18617550,$46.66,$47.85,$46.64
08/20/2018,$46.50,24039470,$47.05,$47.12,$46.19
08/17/2018,$47.10,26368390,$47.00,$47.39,$46.33
08/16/2018,$47.17,24287200,$47.75,$47.95,$47.05
08/15/2018,$47.46,26555070,$47.78,$48.00,$46.90
08/14/2018,$48.12,22407870,$48.67,$48.76,$47.65
08/13/2018,$48.45,17000380,$48.92,$49.24,$48.38
08/10/2018,$48.85,28695820,$48.51,$49.17,$48.30
08/09/2018,$50.14,23362970,$49.86,$50.60,$49.72
08/08/2018,$49.96,21981650,$49.60,$50.13,$49.44
08/07/2018,$49.70,28315470,$49.43,$49.83,$49.41
08/06/2018,$49.30,26445230,$48.77,$49.31,$48.32
08/03/2018,$49.63,22004190,$49.50,$49.78,$49.1701
08/02/2018,$49.48,26387650,$48.50,$49.52,$48.20
08/01/2018,$48.81,28054040,$48.055,$48.91,$48.00
07/31/2018,$48.10,36406210,$48.24,$48.6757,$47.69
07/30/2018,$47.69,35212830,$47.63,$47.99,$46.43
07/27/2018,$47.68,67781420,$48.76,$49.20,$47.48
07/26/2018,$52.16,26848630,$52.45,$53.18,$51.87
07/25/2018,$52.43,19756140,$52.21,$52.45,$51.09
07/24/2018,$52.18,17786160,$52.76,$53.30,$52.075
07/23/2018,$52.31,15867890,$51.77,$52.495,$51.33
07/20/2018,$51.91,17380050,$51.83,$52.07,$51.33
07/19/2018,$51.98,15688590,$51.60,$52.01,$51.05
07/18/2018,$51.72,14641310,$51.87,$51.97,$51.465
07/17/2018,$51.75,15702030,$51.05,$51.8785,$51.01
07/16/2018,$52.01,15893050,$52.15,$52.32,$51.87
07/13/2018,$52.22,13747780,$52.40,$52.42,$51.76
07/12/2018,$52.35,20288260,$52.05,$52.48,$51.73
07/11/2018,$51.20,18642300,$51.69,$51.87,$51.19
07/10/2018,$52.16,17323870,$52.10,$52.26,$51.84
07/09/2018,$51.86,21343680,$51.64,$51.89,$51.00
07/06/2018,$51.37,19959960,$50.77,$51.50,$50.40
07/05/2018,$50.75,26106880,$49.98,$50.96,$49.75
07/03/2018,$49.47,16327900,$50.58,$50.86,$49.43
07/02/2018,$50.20,23741080,$49.04,$50.27,$48.83
06/29/2018,$49.71,28902790,$49.53,$50.11,$49.50
06/28/2018,$49.25,29052480,$48.58,$49.49,$48.50
06/27/2018,$48.76,33280020,$49.34,$50.06,$48.75
06/26/2018,$49.67,37512410,$49.95,$50.41,$49.36
06/25/2018,$50.71,45320560,$51.17,$51.75,$49.91
06/22/2018,$52.50,34664470,$52.62,$53.09,$52.30
06/21/2018,$52.19,44370420,$54.38,$54.53,$51.94
06/20/2018,$53.46,21400640,$53.19,$53.745,$52.69
06/19/2018,$52.93,31772080,$52.14,$52.95,$51.88
06/18/2018,$53.22,40730070,$54.30,$54.30,$52.34
06/15/2018,$55.11,39173960,$55.17,$55.38,$54.58
06/14/2018,$55.54,23410400,$55.45,$55.86,$55.18
06/13/2018,$55.03,22514600,$54.98,$55.70,$54.91
06/12/2018,$54.82,23140540,$54.87,$55.03,$54.22
06/11/2018,$54.52,25427230,$54.80,$55.09,$54.26
06/08/2018,$55.05,30819250,$55.56,$55.70,$54.66
06/07/2018,$55.88,27571480,$56.92,$57.00,$55.62
06/06/2018,$57.03,22950320,$56.53,$57.06,$56.08
06/05/2018,$56.53,21650300,$56.90,$57.12,$56.215
06/04/2018,$56.83,22460260,$57.01,$57.5995,$56.775
06/01/2018,$57.08,31153130,$55.84,$57.10,$55.80
05/31/2018,$55.20,30934950,$55.67,$55.86,$55.06
05/30/2018,$55.68,24556310,$55.89,$56.20,$55.615
05/29/2018,$55.32,24176370,$55.12,$55.81,$54.81
05/25/2018,$55.44,18508060,$54.80,$55.50,$54.54
05/24/2018,$54.75,19472190,$55.18,$55.30,$54.13
05/23/2018,$55.21,20512760,$54.00,$55.23,$53.84
05/22/2018,$54.45,19007430,$54.73,$55.05,$54.05
05/21/2018,$54.32,25157290,$54.36,$55.22,$53.86
05/18/2018,$53.50,23659030,$54.53,$54.54,$53.47
05/17/2018,$54.81,16868500,$54.55,$55.44,$54.42
05/16/2018,$54.64,16093190,$54.17,$54.70,$53.955
05/15/2018,$53.92,21698640,$54.58,$54.75,$53.56
05/14/2018,$54.90,21831130,$54.77,$55.2401,$54.74
05/11/2018,$54.67,15396720,$54.62,$55.19,$54.43
05/10/2018,$54.98,18696150,$54.55,$55.00,$54.10
05/09/2018,$54.34,19816890,$53.76,$54.37,$53.19
05/08/2018,$53.63,20657760,$53.295,$53.63,$52.80
05/07/2018,$53.33,20304880,$52.86,$53.58,$52.83
05/04/2018,$52.78,25636750,$51.62,$52.84,$51.00
05/03/2018,$52.28,28477800,$51.89,$52.56,$51.21
05/02/2018,$52.31,25754240,$53.09,$53.20,$52.15
05/01/2018,$53.33,27564850,$51.64,$53.42,$51.44
04/30/2018,$51.62,36384090,$52.56,$53.37,$51.21
04/27/2018,$52.73,69713580,$55.44,$55.79,$52.23
04/26/2018,$53.05,38373340,$52.26,$53.27,$52.07
04/25/2018,$51.38,25592280,$51.86,$52.10,$50.60
04/24/2018,$51.45,42468290,$51.87,$53.64,$51.14
04/23/2018,$51.10,21656930,$51.689,$51.89,$50.85
04/20/2018,$51.53,26851880,$52.17,$52.28,$50.88
04/19/2018,$52.22,25369040,$52.95,$52.96,$51.61
04/18/2018,$53.61,22155870,$53.52,$54.355,$53.34
04/17/2018,$53.54,21189610,$52.91,$53.70,$52.89
04/16/2018,$52.40,18838800,$52.29,$52.53,$51.79
04/13/2018,$51.86,20864040,$53.06,$53.21,$51.60
04/12/2018,$52.72,29750460,$51.49,$53.2689,$51.45
04/11/2018,$51.10,17560440,$50.99,$51.73,$50.82
04/10/2018,$51.27,26332790,$51.12,$51.49,$50.34
04/09/2018,$49.55,31363780,$49.16,$51.11,$49.16
04/06/2018,$48.79,28208900,$49.79,$50.40,$48.50
04/05/2018,$50.38,24757310,$50.01,$50.7199,$49.97
04/04/2018,$49.99,30274280,$48.10,$50.16,$48.01
04/03/2018,$49.75,39415690,$49.00,$49.96,$48.41
04/02/2018,$48.92,67058020,$51.69,$52.04,$47.29
03/29/2018,$52.08,45121220,$49.98,$52.08,$49.87
03/28/2018,$49.60,37959720,$50.50,$50.70,$49.01
03/27/2018,$51.19,38079020,$53.01,$53.25,$50.78
03/26/2018,$52.48,38852730,$50.74,$52.49,$50.32
03/23/2018,$49.36,37372270,$50.59,$50.99,$49.36
03/22/2018,$50.83,30703590,$50.74,$51.96,$50.60
03/21/2018,$51.56,23233380,$51.55,$52.17,$51.17
03/20/2018,$51.55,22096090,$50.88,$51.81,$50.85
03/19/2018,$50.83,28838370,$50.74,$51.23,$49.93
03/16/2018,$51.17,41381260,$51.17,$51.70,$50.99
03/15/2018,$50.88,24774230,$52.23,$52.30,$50.88
03/14/2018,$51.86,24873370,$52.06,$52.175,$51.31
03/13/2018,$51.78,45427940,$52.52,$53.78,$51.39
03/12/2018,$51.52,31653220,$51.86,$51.95,$50.50
03/09/2018,$52.19,31947720,$51.27,$52.30,$51.00
03/08/2018,$50.74,30133810,$51.79,$52.08,$50.47
03/07/2018,$51.32,30649110,$50.18,$51.485,$50.10
03/06/2018,$50.71,38857120,$50.16,$51.33,$50.15
03/05/2018,$49.75,30674070,$48.57,$49.795,$48.041
03/02/2018,$48.98,33220800,$47.20,$49.05,$46.96
03/01/2018,$47.84,36270880,$49.50,$49.715,$47.47
02/28/2018,$49.29,34511570,$50.18,$50.34,$49.28
02/27/2018,$49.91,43159590,$49.37,$50.90,$49.31
02/26/2018,$49.11,26437220,$48.20,$49.13,$48.10
02/23/2018,$47.73,25717400,$46.34,$47.79,$46.305
02/22/2018,$45.80,16640930,$46.14,$46.56,$45.62
02/21/2018,$45.94,27496730,$46.67,$47.06,$45.92
02/20/2018,$46.32,25383290,$45.46,$46.71,$45.39
02/16/2018,$45.56,21472200,$45.815,$46.59,$45.51
02/15/2018,$45.92,22260230,$45.88,$45.99,$44.95
02/14/2018,$45.38,19883260,$44.07,$45.51,$44.04
02/13/2018,$44.46,19449400,$44.59,$44.775,$44.255
02/12/2018,$44.83,28188450,$44.15,$45.16,$44.09
02/09/2018,$43.95,49182190,$43.50,$44.28,$42.04
02/08/2018,$42.75,42432110,$45.28,$45.42,$42.74
02/07/2018,$45.20,37453270,$44.58,$46.30,$44.34
02/06/2018,$44.91,57728200,$44.02,$44.93,$43.0302
02/05/2018,$44.52,47499540,$46.35,$47.26,$44.50
02/02/2018,$46.15,28434120,$47.32,$47.79,$46.10
02/01/2018,$47.65,28805560,$47.695,$48.47,$47.45
01/31/2018,$48.14,41515080,$49.23,$49.25,$47.56
01/30/2018,$48.79,32738210,$49.48,$50.06,$48.74
01/29/2018,$49.98,46277780,$49.60,$50.85,$49.37
01/26/2018,$50.08,86727500,$48.38,$50.15,$48.12
01/25/2018,$45.30,35797450,$45.88,$46.37,$45.17
01/24/2018,$45.51,33731400,$45.90,$46.13,$44.96
01/23/2018,$46.06,21894840,$45.81,$46.09,$45.63
01/22/2018,$45.75,27550350,$44.80,$45.79,$44.79
01/19/2018,$44.82,24817410,$44.62,$44.89,$44.25
01/18/2018,$44.48,26743940,$44.40,$44.735,$44.17
01/17/2018,$44.39,32252830,$43.545,$44.45,$43.51
01/16/2018,$43.14,37904730,$43.55,$43.79,$42.885
01/12/2018,$43.24,29935150,$43.45,$43.60,$43.01
01/11/2018,$43.41,35303590,$42.80,$43.58,$42.45
01/10/2018,$42.50,45367970,$43.33,$43.60,$42.44
01/09/2018,$43.62,43900140,$44.70,$44.84,$43.49
01/08/2018,$44.74,33707600,$44.27,$44.84,$43.96
01/05/2018,$44.74,41777780,$44.43,$45.15,$43.90
01/04/2018,$44.43,89144860,$43.52,$44.65,$42.69
01/03/2018,$45.26,115617400,$45.47,$46.21,$43.65
01/02/2018,$46.85,22972240,$46.38,$46.90,$46.21
12/29/2017,$46.16,17365120,$46.21,$46.49,$46.09
12/28/2017,$46.22,9380506,$46.36,$46.36,$45.95
12/27/2017,$46.11,13358970,$46.11,$46.36,$46.00
12/26/2017,$46.08,15510910,$46.28,$46.47,$45.95
12/22/2017,$46.70,33880780,$46.33,$47.02,$46.02
12/21/2017,$46.76,42719680,$47.54,$47.59,$46.56
12/20/2017,$47.56,39742400,$47.47,$47.64,$46.66
12/19/2017,$47.04,41405690,$46.30,$47.26,$45.89
12/18/2017,$46.26,50126380,$45.15,$46.35,$45.04
12/15/2017,$44.56,47433970,$43.40,$44.84,$43.07
12/14/2017,$43.26,19643620,$43.43,$43.57,$43.015
12/13/2017,$43.34,21301470,$43.65,$43.66,$43.24
12/12/2017,$43.33,16546120,$43.47,$43.62,$43.08
12/11/2017,$43.66,20421350,$43.28,$43.78,$43.25
12/08/2017,$43.35,23149800,$43.35,$43.58,$43.11
12/07/2017,$43.08,32702960,$43.46,$43.60,$42.78
12/06/2017,$43.45,27634260,$43.14,$43.72,$42.67
12/05/2017,$43.44,30590060,$44.60,$44.90,$43.23
12/04/2017,$44.49,27999480,$45.02,$45.30,$44.33
12/01/2017,$44.68,26640750,$44.73,$44.84,$43.53
11/30/2017,$44.84,34093420,$44.36,$45.20,$44.33
11/29/2017,$43.95,26855700,$44.85,$45.09,$43.77
11/28/2017,$44.73,20175000,$44.65,$44.84,$44.32
11/27/2017,$44.49,18025330,$44.42,$44.61,$44.2736
11/24/2017,$44.75,6465815,$44.55,$44.775,$44.43
11/22/2017,$44.65,19526000,$44.94,$44.95,$44.535
11/21/2017,$44.94,21761970,$44.72,$45.22,$44.71
11/20/2017,$44.62,22375710,$44.73,$45.115,$44.50
11/17/2017,$44.63,63190520,$45.50,$45.62,$44.62
11/16/2017,$45.65,22156020,$45.63,$46.07,$45.46
11/15/2017,$45.46,17131500,$45.39,$45.805,$45.1725
11/14/2017,$45.86,22190890,$45.70,$45.92,$45.32
11/13/2017,$45.75,18992580,$45.26,$45.94,$45.25
11/10/2017,$45.58,24086480,$46.04,$46.09,$45.38
11/09/2017,$46.30,25562450,$46.05,$46.39,$45.65
11/08/2017,$46.70,21556890,$46.62,$46.70,$46.28
11/07/2017,$46.78,24421340,$46.70,$47.09,$46.39
11/06/2017,$46.70,34001470,$46.60,$46.74,$46.09
11/03/2017,$46.34,39277370,$47.20,$47.30,$45.60
11/02/2017,$47.10,44580600,$46.61,$47.23,$46.213
11/01/2017,$46.71,47759810,$45.97,$46.71,$45.59
10/31/2017,$45.49,46844870,$45.20,$45.80,$44.65
10/30/2017,$44.37,48136380,$44.48,$45.19,$43.88
10/27/2017,$44.40,89971840,$43.30,$45.00,$43.10
10/26/2017,$41.35,37778840,$40.91,$41.575,$40.71
10/25/2017,$40.78,24026900,$40.89,$41.055,$40.49
10/24/2017,$40.95,19394340,$41.00,$41.05,$40.72
10/23/2017,$40.83,28600510,$40.55,$41.04,$40.395
10/20/2017,$40.43,18310720,$40.33,$40.45,$40.10
10/19/2017,$40.09,18887730,$39.88,$40.33,$39.83
10/18/2017,$40.25,21421390,$39.80,$40.29,$39.60
10/17/2017,$39.79,15519940,$39.56,$39.865,$39.37
10/16/2017,$39.76,12486080,$39.71,$39.79,$39.44
10/13/2017,$39.67,16828220,$39.44,$39.81,$39.28
10/12/2017,$39.19,18532910,$39.35,$39.39,$38.98
10/11/2017,$39.30,30714950,$39.48,$39.67,$39.06
10/10/2017,$39.65,29879830,$39.93,$39.95,$39.38
10/09/2017,$39.86,18456870,$39.68,$39.88,$39.52
10/06/2017,$39.63,18883900,$39.60,$39.89,$39.42
10/05/2017,$39.53,17708470,$39.50,$39.65,$39.21
10/04/2017,$39.34,28352310,$39.39,$39.40,$38.8606
10/03/2017,$39.38,34000180,$38.95,$39.70,$38.95
10/02/2017,$39.04,37216110,$38.12,$39.09,$38.08
09/29/2017,$38.08,23099060,$37.84,$38.15,$37.70
09/28/2017,$37.83,21159800,$37.32,$37.88,$37.29
09/27/2017,$37.54,25845770,$37.62,$37.69,$37.10
09/26/2017,$37.47,29755090,$37.21,$37.64,$37.00
09/25/2017,$37.16,23145180,$37.05,$37.23,$36.85
09/22/2017,$37.18,21629840,$36.95,$37.22,$36.95
09/21/2017,$37.20,22918960,$36.99,$37.27,$36.85
09/20/2017,$37.07,23916420,$37.23,$37.29,$36.655
09/19/2017,$37.23,23505770,$37.20,$37.295,$37.02
09/18/2017,$37.00,19251720,$37.00,$37.33,$36.80
09/15/2017,$37.00,33454530,$36.55,$37.08,$36.22
09/14/2017,$36.48,18067010,$36.19,$36.695,$36.16
09/13/2017,$36.33,15496920,$36.00,$36.40,$35.97
09/12/2017,$36.09,19378830,$35.88,$36.34,$35.74
09/11/2017,$35.77,19375690,$35.49,$36.00,$35.14
09/08/2017,$35.19,14109600,$35.42,$35.54,$35.08
09/07/2017,$35.54,16296440,$35.88,$35.95,$35.33
09/06/2017,$35.76,28024020,$35.22,$35.94,$35.11
09/05/2017,$35.02,19300040,$35.02,$35.33,$34.93
09/01/2017,$35.09,12821410,$35.24,$35.39,$35.07
08/31/2017,$35.07,16366400,$34.94,$35.18,$34.87
08/30/2017,$34.89,18563830,$34.75,$34.96,$34.63
08/29/2017,$34.73,15826220,$34.51,$34.75,$34.455
08/28/2017,$34.65,20701860,$34.78,$34.80,$34.59
08/25/2017,$34.67,14714810,$34.82,$34.93,$34.58
08/24/2017,$34.71,14283180,$34.70,$34.89,$34.55
08/23/2017,$34.66,19775620,$34.54,$34.81,$34.38
08/22/2017,$34.65,26093400,$35.02,$35.19,$34.62
08/21/2017,$34.92,26479700,$35.09,$35.28,$34.70
08/18/2017,$35.01,16229270,$35.29,$35.31,$34.99
08/17/2017,$35.17,19060120,$35.60,$35.68,$35.17
08/16/2017,$35.81,21848290,$35.98,$36.07,$35.56
08/15/2017,$36.00,21699760,$36.30,$36.32,$35.815
08/14/2017,$36.34,18458990,$36.12,$36.47,$36.08
08/11/2017,$35.87,19272140,$36.26,$36.40,$35.79
08/10/2017,$36.14,22634270,$36.40,$36.56,$36.11
08/09/2017,$36.59,22790550,$36.28,$36.66,$36.02
08/08/2017,$36.41,22788600,$36.37,$36.70,$36.30
08/07/2017,$36.43,18154610,$36.39,$36.55,$36.22
08/04/2017,$36.30,20513750,$36.45,$36.56,$36.10
08/03/2017,$36.49,26610230,$36.55,$36.59,$36.15
08/02/2017,$36.64,34952030,$36.33,$36.67,$36.055
08/01/2017,$36.35,38438900,$35.66,$36.43,$35.57
07/31/2017,$35.47,27015040,$35.47,$35.74,$35.32
07/28/2017,$35.31,35786520,$35.13,$35.86,$35.00
07/27/2017,$34.97,42793930,$34.78,$35.25,$34.67
07/26/2017,$34.75,15494790,$34.70,$34.97,$34.59
07/25/2017,$34.67,18068850,$34.55,$34.735,$34.40
07/24/2017,$34.50,15901930,$34.73,$34.80,$34.38
07/21/2017,$34.73,22188050,$34.54,$34.82,$34.395
07/20/2017,$34.75,17472220,$34.54,$34.84,$34.475
07/19/2017,$34.56,16614250,$34.68,$34.68,$34.46
07/18/2017,$34.53,14311960,$34.43,$34.58,$34.25
07/17/2017,$34.47,21042400,$34.74,$34.74,$34.36
07/14/2017,$34.68,16315110,$34.48,$34.71,$34.265
07/13/2017,$34.24,15045730,$34.33,$34.40,$34.12
07/12/2017,$34.25,23763690,$34.28,$34.39,$33.94
07/11/2017,$33.92,25573980,$33.64,$33.93,$33.4311
07/10/2017,$33.65,29903680,$33.25,$33.74,$33.23
07/07/2017,$33.88,17712770,$33.70,$34.12,$33.70
07/06/2017,$33.63,20710460,$34.12,$34.29,$33.56
07/05/2017,$34.34,30008960,$33.52,$34.43,$33.485
07/03/2017,$33.46,12676890,$33.51,$34.03,$33.43
06/30/2017,$33.74,24391460,$33.87,$33.93,$33.535
06/29/2017,$33.54,25206130,$33.92,$34.10,$33.34
06/28/2017,$34.20,25934320,$33.77,$34.24,$33.74
06/27/2017,$33.65,27071290,$34.00,$34.145,$33.65
06/26/2017,$34.07,18649220,$34.26,$34.51,$34.03
06/23/2017,$34.19,28762170,$34.21,$34.55,$34.095
06/22/2017,$34.36,23865100,$34.56,$34.63,$34.29
06/21/2017,$34.58,26745620,$34.33,$34.60,$34.09
06/20/2017,$34.86,21532360,$35.45,$35.45,$34.84
06/19/2017,$35.51,21219100,$35.61,$35.61,$35.32
06/16/2017,$35.21,30697750,$35.28,$35.33,$35.01
06/15/2017,$35.31,20315130,$35.21,$35.48,$35.14
06/14/2017,$35.53,19122620,$35.99,$36.05,$35.22
06/13/2017,$35.88,20586780,$35.68,$35.95,$35.53
06/12/2017,$35.73,28474810,$35.59,$36.01,$35.41
06/09/2017,$35.71,33317670,$36.50,$36.56,$35.31
06/08/2017,$36.48,17047400,$36.34,$36.53,$36.16
06/07/2017,$36.26,17092890,$36.13,$36.57,$36.10
06/06/2017,$36.13,18386660,$36.16,$36.45,$35.98
06/05/2017,$36.34,11661250,$36.30,$36.50,$36.20
06/02/2017,$36.32,19101600,$36.27,$36.33,$36.00
06/01/2017,$36.12,17406520,$36.12,$36.13,$35.80
05/31/2017,$36.11,17738690,$36.31,$36.38,$35.87
05/30/2017,$36.18,13023810,$36.27,$36.44,$36.09
05/26/2017,$36.26,11040840,$36.26,$36.33,$36.13
05/25/2017,$36.26,13107120,$36.12,$36.39,$36.06
05/24/2017,$36.12,20820420,$35.98,$36.18,$35.89
05/23/2017,$35.86,16891540,$35.87,$35.99,$35.56
05/22/2017,$35.77,14611760,$35.48,$36.11,$35.38
05/19/2017,$35.40,18181840,$35.15,$35.55,$35.13
05/18/2017,$35.22,17170870,$35.19,$35.47,$35.08
05/17/2017,$35.04,26635630,$35.67,$35.9896,$35.02
05/16/2017,$35.82,22288880,$35.75,$35.89,$35.42
05/15/2017,$35.63,22024020,$35.535,$35.715,$35.42
05/12/2017,$35.53,19708780,$35.72,$35.74,$35.40
05/11/2017,$35.69,21497830,$35.91,$36.00,$35.4543
05/10/2017,$36.01,25102980,$36.27,$36.38,$35.93
05/09/2017,$36.37,17807950,$36.48,$36.75,$36.28
05/08/2017,$36.54,17624950,$36.73,$36.85,$36.48
05/05/2017,$36.82,18117340,$36.86,$36.93,$36.50
05/04/2017,$36.85,16435680,$36.99,$37.11,$36.64
05/03/2017,$36.98,22038830,$36.72,$37.17,$36.62
05/02/2017,$36.97,35512050,$36.37,$37.03,$36.35
05/01/2017,$36.31,24763730,$36.11,$36.40,$35.94
04/28/2017,$36.15,56623470,$36.10,$36.485,$35.88
04/27/2017,$37.43,39524720,$36.87,$37.50,$36.78
04/26/2017,$36.93,27228890,$36.78,$37.23,$36.78
04/25/2017,$36.87,22030970,$36.77,$37.00,$36.66
04/24/2017,$36.75,26011790,$36.67,$36.85,$36.46
04/21/2017,$36.32,20385580,$36.20,$36.42,$35.85
04/20/2017,$36.18,22944280,$36.18,$36.2653,$35.86
04/19/2017,$35.91,16584360,$35.97,$36.22,$35.89
04/18/2017,$35.765,12312240,$35.43,$35.81,$35.295
04/17/2017,$35.48,12533500,$35.44,$35.59,$35.33
04/13/2017,$35.25,15748410,$35.55,$35.76,$35.25
04/12/2017,$35.63,19283610,$35.87,$36.01,$35.50
04/11/2017,$35.74,22688100,$35.77,$35.79,$35.21
04/10/2017,$35.80,19973380,$36.02,$36.09,$35.61
04/07/2017,$36.03,15689210,$36.07,$36.32,$35.985
04/06/2017,$36.03,20181350,$36.13,$36.285,$36.03
04/05/2017,$36.22,22396680,$36.43,$36.76,$36.17
04/04/2017,$36.28,18892170,$36.12,$36.375,$35.99
04/03/2017,$36.16,32010030,$36.19,$36.74,$36.12
03/31/2017,$36.07,21412140,$35.75,$36.25,$35.74
03/30/2017,$35.75,16421250,$35.58,$35.89,$35.52
03/29/2017,$35.57,17201490,$35.52,$35.70,$35.435
03/28/2017,$35.60,18397020,$35.34,$35.71,$35.21
03/27/2017,$35.39,16990750,$35.07,$35.50,$34.94
03/24/2017,$35.16,22176260,$35.65,$35.73,$35.12
03/23/2017,$35.27,20627970,$35.49,$35.49,$35.02
03/22/2017,$35.37,19074310,$35.22,$35.46,$35.00
03/21/2017,$35.04,22776920,$35.59,$35.60,$35.00
03/20/2017,$35.43,17100550,$35.37,$35.63,$35.26
03/17/2017,$35.27,30540680,$35.31,$35.33,$35.10
03/16/2017,$35.14,19555520,$35.17,$35.36,$35.07
03/15/2017,$35.10,27989180,$34.94,$35.17,$34.68
03/14/2017,$35.18,28551500,$35.06,$35.23,$34.66
03/13/2017,$35.16,52121760,$35.85,$36.04,$34.94
03/10/2017,$35.91,25387480,$36.12,$36.295,$35.78
03/09/2017,$35.82,23606270,$35.60,$35.94,$35.50
03/08/2017,$35.62,20908070,$35.67,$35.90,$35.525
03/07/2017,$35.80,23423850,$35.54,$35.80,$35.385
03/06/2017,$35.57,24405220,$35.79,$35.80,$35.42
03/03/2017,$35.90,17539490,$35.94,$36.085,$35.67
03/02/2017,$35.91,23595100,$35.93,$36.02,$35.65
03/01/2017,$35.93,34056360,$35.85,$36.10,$35.44
02/28/2017,$36.20,24940520,$36.42,$36.46,$36.00
02/27/2017,$36.51,14065010,$36.42,$36.68,$36.27
02/24/2017,$36.53,18615230,$36.14,$36.53,$35.95
02/23/2017,$36.18,22755670,$36.24,$36.30,$35.90
02/22/2017,$36.07,29875970,$36.34,$36.3964,$35.79
02/21/2017,$36.52,20554650,$36.53,$36.65,$36.33
02/17/2017,$36.48,18714230,$36.32,$36.48,$36.10
02/16/2017,$36.41,21303380,$36.18,$36.56,$36.10
02/15/2017,$36.05,18451160,$35.98,$36.06,$35.67
02/14/2017,$35.93,25729780,$35.84,$35.96,$35.53
02/13/2017,$35.80,28114090,$35.57,$35.85,$35.34
02/10/2017,$35.34,44069560,$35.26,$35.43,$34.84
02/09/2017,$35.46,47750230,$36.50,$36.50,$35.40
02/08/2017,$36.38,20796930,$36.34,$36.65,$36.14
02/07/2017,$36.35,18581870,$36.45,$36.52,$36.24
02/06/2017,$36.27,21420970,$36.51,$36.51,$36.15
02/03/2017,$36.52,21035740,$36.69,$36.82,$36.45
02/02/2017,$36.68,31879990,$36.26,$36.70,$36.20
02/01/2017,$36.52,28344860,$36.82,$36.95,$36.02
01/31/2017,$36.82,27054170,$37.22,$37.37,$36.6401
01/30/2017,$37.42,23943530,$37.74,$37.84,$37.33
01/27/2017,$37.98,44336930,$38.00,$38.45,$37.81
01/26/2017,$37.56,33998180,$37.82,$37.925,$37.42
01/25/2017,$37.80,32336350,$37.87,$38.00,$37.515
01/24/2017,$37.62,35119050,$36.84,$37.74,$36.81
01/23/2017,$36.77,27749870,$37.07,$37.21,$36.55
01/20/2017,$36.94,23919500,$36.76,$37.03,$36.58
01/19/2017,$36.57,13653360,$36.51,$36.91,$36.51
01/18/2017,$36.76,15382100,$36.89,$37.01,$36.61
01/17/2017,$36.80,20177630,$36.67,$36.83,$36.59
01/13/2017,$36.79,15070760,$36.71,$36.86,$36.62
01/12/2017,$36.71,20366570,$36.83,$36.83,$36.32
01/11/2017,$36.95,21432170,$36.51,$37.00,$36.51
01/10/2017,$36.54,15912670,$36.55,$36.93,$36.53
01/09/2017,$36.61,19450030,$36.48,$36.885,$36.4776
01/06/2017,$36.48,15105300,$36.46,$36.68,$36.19
01/05/2017,$36.35,13982660,$36.45,$36.72,$36.305
01/04/2017,$36.41,15895690,$36.71,$36.77,$36.34
01/03/2017,$36.60,20195690,$36.61,$36.93,$36.27
12/30/2016,$36.27,17466500,$36.79,$36.80,$36.20
12/29/2016,$36.66,8447286,$36.51,$36.72,$36.43
12/28/2016,$36.63,12671610,$37.10,$37.20,$36.58
12/27/2016,$37.07,9033012,$36.91,$37.33,$36.91
12/23/2016,$36.97,6287070,$36.93,$36.98,$36.7709
12/22/2016,$36.93,10783270,$37.23,$37.24,$36.81
12/21/2016,$36.98,14322560,$37.25,$37.345,$36.91
12/20/2016,$37.21,18549910,$36.95,$37.24,$36.89
12/19/2016,$36.89,18736480,$36.34,$36.95,$36.27
12/16/2016,$36.31,38212490,$36.72,$36.87,$36.085
12/15/2016,$36.79,23717830,$36.74,$37.16,$36.53
12/14/2016,$36.55,30817670,$36.70,$36.89,$36.46
12/13/2016,$36.80,35424990,$36.01,$36.89,$35.93
12/12/2016,$35.97,21961170,$35.78,$36.09,$35.67
12/09/2016,$35.76,16326450,$35.75,$35.90,$35.59
12/08/2016,$35.70,19964790,$35.48,$36.03,$35.22
12/07/2016,$35.50,21704010,$34.67,$35.57,$34.45
12/06/2016,$34.72,15297180,$34.39,$34.75,$34.30
12/05/2016,$34.39,14454670,$34.31,$34.42,$33.965
12/02/2016,$34.16,21490830,$33.72,$34.26,$33.60
12/01/2016,$33.76,29615670,$34.86,$34.93,$33.56
11/30/2016,$34.70,27012090,$35.20,$35.30,$34.70
11/29/2016,$35.31,19581020,$35.64,$35.64,$35.27
11/28/2016,$35.51,13513660,$35.43,$35.66,$35.21
11/25/2016,$35.44,6372836,$35.11,$35.45,$35.11
11/23/2016,$35.20,15843540,$35.48,$35.52,$35.10
11/22/2016,$35.48,22315930,$35.18,$35.50,$35.11
11/21/2016,$34.98,14241790,$35.10,$35.20,$34.84
11/18/2016,$34.95,16803850,$34.90,$35.00,$34.64
11/17/2016,$35.02,15746130,$34.81,$35.02,$34.63
11/16/2016,$34.84,18544410,$34.90,$34.92,$34.54
11/15/2016,$34.91,20652030,$34.64,$35.29,$34.61
11/14/2016,$34.48,22544420,$34.56,$34.73,$34.20
11/11/2016,$34.61,22655700,$34.57,$34.87,$34.34
11/10/2016,$34.50,28249920,$34.95,$34.95,$34.025
11/09/2016,$34.75,25993230,$34.13,$34.85,$33.67
11/08/2016,$34.74,14795910,$34.60,$34.95,$34.49
11/07/2016,$34.69,19259020,$34.24,$34.75,$34.15
11/04/2016,$33.61,21894320,$33.53,$33.93,$33.42
11/03/2016,$33.93,19383610,$34.45,$34.52,$33.87
11/02/2016,$34.60,21391680,$34.60,$34.90,$34.47
11/01/2016,$34.52,25353640,$34.90,$35.16,$34.27
10/31/2016,$34.87,19185500,$34.92,$35.08,$34.84
10/28/2016,$34.74,22295110,$34.87,$35.17,$34.71
10/27/2016,$34.81,14626660,$35.10,$35.23,$34.75
10/26/2016,$34.92,19974690,$35.04,$35.205,$34.74
10/25/2016,$35.10,17843060,$35.14,$35.25,$35.01
10/24/2016,$35.26,21509500,$35.43,$35.49,$35.11
10/21/2016,$35.15,20355450,$35.21,$35.40,$34.81
10/20/2016,$35.43,25649610,$35.41,$35.67,$35.10
10/19/2016,$35.51,75210310,$36.07,$36.09,$35.23
10/18/2016,$37.75,41281870,$37.97,$38.05,$37.53
10/17/2016,$37.29,15749600,$37.55,$37.7162,$37.245
10/14/2016,$37.45,19091290,$37.19,$37.70,$37.155
10/13/2016,$36.97,16920150,$36.85,$37.13,$36.46
10/12/2016,$37.13,14005890,$37.20,$37.25,$36.81
10/11/2016,$37.27,27638470,$37.91,$38.00,$36.821
10/10/2016,$38.02,14914780,$38.25,$38.36,$37.90
10/07/2016,$38.10,16938230,$38.08,$38.22,$37.78
10/06/2016,$38.07,15163710,$37.84,$38.16,$37.575
10/05/2016,$37.99,22360110,$37.75,$38.31,$37.64
10/04/2016,$37.54,14380380,$37.77,$37.94,$37.33
10/03/2016,$37.66,14113150,$37.69,$37.95,$37.53
09/30/2016,$37.75,24184680,$37.47,$37.92,$37.44
09/29/2016,$37.32,17674920,$37.49,$37.53,$37.00
09/28/2016,$37.44,18995340,$37.31,$37.50,$37.15
09/27/2016,$37.18,22339130,$36.90,$37.22,$36.63
09/26/2016,$36.65,25516460,$36.92,$36.94,$36.60
09/23/2016,$37.19,18009650,$37.45,$37.65,$37.12
09/22/2016,$37.55,16985400,$37.60,$37.83,$37.44
09/21/2016,$37.45,21228090,$37.21,$37.46,$36.8601
09/20/2016,$37.14,24772230,$37.42,$37.43,$36.94
09/19/2016,$37.16,30460670,$37.69,$38.02,$37.09
09/16/2016,$37.67,74374910,$37.72,$38.05,$37.25
09/15/2016,$36.56,24347340,$35.74,$36.65,$35.54
09/14/2016,$35.62,14110090,$35.51,$35.815,$35.395
09/13/2016,$35.61,23571880,$35.75,$35.88,$35.32
09/12/2016,$36.08,22732810,$35.19,$36.12,$35.064
09/09/2016,$35.44,29411050,$36.10,$36.39,$35.44
09/08/2016,$36.44,20330360,$36.35,$36.59,$36.12
09/07/2016,$36.46,18485600,$36.65,$36.65,$36.38
09/06/2016,$36.57,22312980,$36.38,$36.60,$36.17
09/02/2016,$36.08,16726630,$36.21,$36.33,$35.95
09/01/2016,$36.02,18912750,$35.99,$36.04,$35.58
08/31/2016,$35.89,20550610,$35.62,$35.90,$35.58
08/30/2016,$35.70,15149220,$35.59,$35.74,$35.52
08/29/2016,$35.55,15066690,$35.48,$35.67,$35.15
08/26/2016,$35.26,14459560,$35.11,$35.58,$35.05
08/25/2016,$35.09,12426330,$35.05,$35.22,$34.896
08/24/2016,$35.15,16343030,$35.32,$35.41,$35.02
08/23/2016,$35.40,18314840,$35.50,$35.69,$35.30
08/22/2016,$35.36,14930450,$35.20,$35.45,$35.12
08/19/2016,$35.24,16412510,$34.84,$35.27,$34.735
08/18/2016,$34.97,16078560,$34.96,$35.09,$34.75
08/17/2016,$35.02,18210270,$35.17,$35.21,$34.77
08/16/2016,$35.21,16282320,$34.77,$35.21,$34.77
08/15/2016,$34.91,18899370,$34.70,$35.16,$34.63
08/12/2016,$34.57,15707110,$34.52,$34.76,$34.44
08/11/2016,$34.68,16340510,$34.66,$34.74,$34.49
08/10/2016,$34.53,19541100,$35.00,$35.00,$34.50
08/09/2016,$34.92,12566830,$35.04,$35.16,$34.84
08/08/2016,$35.04,19470710,$34.90,$35.17,$34.86
08/05/2016,$34.98,20043460,$34.80,$35.13,$34.70
08/04/2016,$34.58,16269520,$34.29,$34.62,$34.22
08/03/2016,$34.25,18388760,$34.10,$34.28,$33.99
08/02/2016,$34.56,20054480,$34.81,$34.87,$34.325
08/01/2016,$34.85,18759470,$34.82,$34.91,$34.56
07/29/2016,$34.86,18171090,$34.77,$34.915,$34.605
07/28/2016,$34.77,21666230,$34.83,$34.83,$34.52
07/27/2016,$34.83,23598610,$35.00,$35.28,$34.63
07/26/2016,$35.09,29546010,$34.75,$35.23,$34.70
07/25/2016,$34.69,19875550,$34.62,$34.755,$34.57
07/22/2016,$34.66,32841200,$34.38,$34.70,$34.26
07/21/2016,$34.27,63683040,$34.33,$34.49,$33.86
07/20/2016,$35.69,42182170,$35.30,$35.93,$35.06
07/19/2016,$35.15,20345970,$34.89,$35.16,$34.85
07/18/2016,$35.05,19343640,$35.18,$35.20,$34.95
07/15/2016,$35.07,23109990,$35.26,$35.29,$34.90
07/14/2016,$35.20,25294120,$35.13,$35.30,$34.96
07/13/2016,$35.01,29092790,$35.04,$35.25,$34.88
07/12/2016,$34.94,28011150,$34.51,$34.97,$34.48
07/11/2016,$34.38,23563250,$34.04,$34.50,$34.04
07/08/2016,$34.00,23338700,$33.65,$34.00,$33.50
07/07/2016,$33.20,26105990,$32.96,$33.55,$32.96
07/06/2016,$32.97,21056280,$32.80,$33.00,$32.38
07/05/2016,$32.68,20077350,$32.50,$32.73,$32.455
07/01/2016,$32.75,17074140,$32.64,$32.885,$32.47
06/30/2016,$32.80,34519620,$32.00,$32.88,$31.97
06/29/2016,$31.93,22768330,$31.35,$31.98,$31.31
06/28/2016,$31.19,23667550,$30.97,$31.20,$30.81
06/27/2016,$30.72,35060720,$31.41,$31.41,$30.44
06/24/2016,$31.55,38043010,$31.80,$32.32,$31.40
06/23/2016,$32.99,22003140,$32.58,$33.00,$32.5011
06/22/2016,$32.29,18280410,$32.30,$32.63,$32.25
06/21/2016,$32.32,15328840,$32.26,$32.375,$32.09
06/20/2016,$32.17,21933280,$32.07,$32.44,$32.01
06/17/2016,$31.76,27026330,$31.73,$31.81,$31.47
06/16/2016,$31.69,18449580,$31.44,$31.77,$31.22
06/15/2016,$31.61,23681700,$32.25,$32.26,$31.59
06/14/2016,$32.14,18742200,$32.01,$32.24,$31.79
06/13/2016,$32.17,22978990,$32.05,$32.50,$32.04
06/10/2016,$32.04,35747510,$31.70,$32.24,$31.65
06/09/2016,$31.94,11261280,$31.68,$32.00,$31.68
06/08/2016,$31.89,12731590,$31.80,$32.00,$31.79
06/07/2016,$31.88,19291370,$31.75,$32.02,$31.70
06/06/2016,$31.68,15138760,$31.64,$31.82,$31.58
06/03/2016,$31.62,15771350,$31.74,$31.74,$31.395
06/02/2016,$31.76,14121490,$31.56,$31.76,$31.45
06/01/2016,$31.66,17696200,$31.62,$31.72,$31.47
05/31/2016,$31.59,23007140,$31.51,$31.65,$31.31
05/27/2016,$31.57,13304590,$31.60,$31.65,$31.45
05/26/2016,$31.49,12692270,$31.49,$31.63,$31.40
05/25/2016,$31.39,18400610,$31.20,$31.57,$31.15
05/24/2016,$31.06,23619440,$30.50,$31.12,$30.45
05/23/2016,$30.23,20882300,$30.23,$30.4825,$30.13
05/20/2016,$30.15,22728020,$29.73,$30.38,$29.70
05/19/2016,$29.63,21694080,$29.77,$29.93,$29.50
05/18/2016,$29.99,22447170,$30.03,$30.25,$29.78
05/17/2016,$29.98,25670930,$30.57,$30.57,$29.86
05/16/2016,$30.39,21768070,$29.90,$30.56,$29.88
05/13/2016,$29.91,19866060,$29.86,$30.20,$29.84
05/12/2016,$29.76,20809120,$30.11,$30.24,$29.57
05/11/2016,$30.06,15737800,$30.16,$30.245,$29.97
05/10/2016,$30.14,16993550,$30.00,$30.18,$29.82
05/09/2016,$29.80,16841940,$30.08,$30.17,$29.76
05/06/2016,$30.04,19619700,$29.61,$30.11,$29.52
05/05/2016,$29.90,23392920,$29.87,$30.02,$29.75
05/04/2016,$29.85,23262530,$30.17,$30.21,$29.70
05/03/2016,$30.36,27077520,$30.41,$30.56,$30.09
05/02/2016,$30.61,21065470,$30.45,$30.69,$30.36
04/29/2016,$30.28,36365420,$30.86,$30.87,$30.10
04/28/2016,$31.11,25127230,$31.45,$31.71,$31.03
04/27/2016,$31.75,19974730,$31.25,$31.80,$31.19
04/26/2016,$31.40,20915640,$31.39,$31.70,$31.17
04/25/2016,$31.39,19273940,$31.36,$31.50,$31.195
04/22/2016,$31.64,29597520,$31.74,$31.86,$31.22
04/21/2016,$31.97,28344930,$31.94,$32.06,$31.81
04/20/2016,$32.00,57499610,$31.32,$32.26,$31.25
04/19/2016,$31.60,33197850,$31.70,$31.81,$31.40
04/18/2016,$31.65,21537870,$31.43,$31.72,$31.38
04/15/2016,$31.46,28642650,$31.79,$31.885,$31.38
04/14/2016,$31.80,21606670,$31.78,$31.885,$31.55
04/13/2016,$32.13,19948560,$31.97,$32.18,$31.95
04/12/2016,$31.86,16689840,$31.88,$31.94,$31.38
04/11/2016,$31.67,19673940,$31.90,$32.34,$31.66
04/08/2016,$31.63,16374880,$31.76,$32.02,$31.48
04/07/2016,$31.55,23712670,$31.89,$31.90,$31.35
04/06/2016,$32.08,15694850,$31.97,$32.23,$31.77
04/05/2016,$31.90,20032530,$31.89,$32.12,$31.72
04/04/2016,$32.00,21507040,$32.20,$32.38,$31.74
04/01/2016,$32.45,18047940,$32.27,$32.47,$32.10
03/31/2016,$32.35,17878950,$32.53,$32.66,$32.315
03/30/2016,$32.71,16584920,$32.45,$32.75,$32.289
03/29/2016,$32.38,15300110,$31.93,$32.44,$31.7269
03/28/2016,$31.90,11432280,$31.87,$32.00,$31.62
03/24/2016,$31.88,14200930,$31.87,$31.95,$31.7001
03/23/2016,$32.00,18763300,$32.47,$32.47,$31.98
03/22/2016,$32.32,22200250,$32.16,$32.46,$31.95
03/21/2016,$32.34,21717550,$32.23,$32.42,$31.95
03/18/2016,$32.68,49675500,$32.16,$32.69,$32.06
03/17/2016,$31.98,22830690,$31.76,$32.17,$31.70
03/16/2016,$31.69,26261740,$31.49,$31.795,$31.17
03/15/2016,$31.65,16924520,$31.34,$31.65,$31.06
03/14/2016,$31.43,17432270,$31.66,$31.69,$31.30
03/11/2016,$31.76,22800050,$31.67,$31.79,$31.53
03/10/2016,$31.25,29580370,$31.14,$31.40,$30.38
03/09/2016,$30.865,14675220,$30.83,$31.04,$30.67
03/08/2016,$30.56,19076200,$30.83,$30.88,$30.38
03/07/2016,$30.94,18879460,$30.59,$31.12,$30.50
03/04/2016,$30.63,20250100,$30.50,$30.86,$30.05
03/03/2016,$30.58,25618150,$31.13,$31.35,$30.54
03/02/2016,$30.54,23783110,$30.30,$30.87,$30.12
03/01/2016,$30.37,25498620,$29.93,$30.53,$29.75
02/29/2016,$29.59,22885050,$29.72,$30.14,$29.58
02/26/2016,$29.80,19901850,$29.88,$30.08,$29.70
02/25/2016,$29.62,17568990,$29.32,$29.62,$28.95
02/24/2016,$29.19,21574190,$28.52,$29.30,$28.375
02/23/2016,$28.80,26634750,$29.30,$29.345,$28.60
02/22/2016,$29.35,23891030,$29.11,$29.54,$29.00
02/19/2016,$28.71,41652860,$29.20,$29.33,$28.71
02/18/2016,$29.42,20601170,$29.53,$29.76,$29.38
02/17/2016,$29.47,27688490,$28.86,$29.6199,$28.73
02/16/2016,$28.78,30697320,$28.75,$28.95,$28.36
02/12/2016,$28.64,19698450,$28.57,$28.695,$28.14
02/11/2016,$28.22,28445120,$27.83,$28.41,$27.68
02/10/2016,$28.23,27231660,$28.88,$29.00,$28.19
02/09/2016,$28.81,22883820,$28.49,$29.145,$28.41
02/08/2016,$28.82,28725100,$28.74,$28.98,$28.30
02/05/2016,$29.04,27886280,$29.58,$29.76,$28.91
02/04/2016,$29.77,29252090,$29.14,$29.88,$29.11
02/03/2016,$29.34,44658070,$29.72,$29.72,$28.52
02/02/2016,$29.80,24985670,$30.45,$30.49,$29.63
02/01/2016,$30.82,19009910,$30.72,$31.12,$30.64
01/29/2016,$31.02,38303040,$30.21,$31.03,$30.10
01/28/2016,$29.97,22028030,$30.02,$30.18,$29.75
01/27/2016,$29.81,26367610,$29.88,$30.22,$29.64
01/26/2016,$29.94,24751060,$29.61,$30.05,$29.61
01/25/2016,$29.60,26390620,$29.99,$30.215,$29.57
01/22/2016,$29.925,25319450,$30.12,$30.24,$29.51
01/21/2016,$29.66,30151370,$29.65,$30.03,$29.24
01/20/2016,$29.59,39593200,$29.35,$29.87,$29.21
01/19/2016,$29.80,28815330,$29.98,$30.06,$29.48
01/15/2016,$29.76,76079460,$29.73,$30.50,$29.45
01/14/2016,$32.74,48098670,$31.97,$32.87,$31.80
01/13/2016,$31.91,34345610,$32.76,$32.93,$31.83
01/12/2016,$32.68,28584550,$32.76,$32.89,$32.27
01/11/2016,$32.06,27711480,$31.81,$32.22,$31.68
01/08/2016,$31.51,29950070,$32.09,$32.22,$31.43
01/07/2016,$31.84,37661380,$32.28,$33.0077,$31.84
01/06/2016,$33.08,25314490,$33.25,$33.52,$32.80
01/05/2016,$33.83,16686970,$33.96,$34.00,$33.53
01/04/2016,$33.99,27769720,$33.88,$34.01,$33.46
12/31/2015,$34.45,14735730,$34.82,$34.96,$34.44
12/30/2015,$34.99,11564780,$35.38,$35.45,$34.945
12/29/2015,$35.44,14187780,$35.01,$35.59,$35.01
12/28/2015,$34.93,9449390,$34.95,$35.00,$34.57
12/24/2015,$34.98,5893789,$35.07,$35.26,$34.96
12/23/2015,$35.00,12510920,$34.95,$35.05,$34.78
12/22/2015,$34.73,18399460,$34.36,$34.775,$34.27
12/21/2015,$34.24,17957570,$34.11,$34.30,$33.815
12/18/2015,$33.865,40637880,$34.73,$34.75,$33.86
12/17/2015,$34.91,24939910,$35.32,$35.37,$34.76
12/16/2015,$35.30,23232500,$35.36,$35.47,$34.77
12/15/2015,$35.18,24193370,$34.65,$35.35,$34.635
12/14/2015,$34.47,19501970,$34.38,$34.48,$33.88
12/11/2015,$34.27,21244080,$34.31,$34.65,$34.20
12/10/2015,$34.77,17400610,$34.85,$35.065,$34.66
12/09/2015,$34.81,22537710,$34.88,$35.22,$34.51
12/08/2015,$34.75,13380030,$34.67,$34.95,$34.42
12/07/2015,$34.985,17728890,$34.79,$35.17,$34.75
12/04/2015,$34.935,24900120,$34.11,$35.025,$34.00
12/03/2015,$34.04,30114040,$34.97,$34.99,$34.00
12/02/2015,$34.83,18655080,$35.09,$35.41,$34.805
12/01/2015,$35.09,23541030,$35.00,$35.20,$34.71
11/30/2015,$34.77,21110220,$34.55,$34.90,$34.43
11/27/2015,$34.46,6620857,$34.54,$34.68,$34.40
11/25/2015,$34.45,17939410,$34.26,$34.74,$34.14
11/24/2015,$34.36,21398690,$34.33,$34.44,$33.90
11/23/2015,$34.48,20139230,$34.66,$34.85,$34.41
11/20/2015,$34.66,38905620,$34.48,$35.29,$34.48
11/19/2015,$34.30,45365810,$33.22,$34.73,$33.13
11/18/2015,$33.16,18525640,$32.73,$33.2405,$32.62
11/17/2015,$32.64,22633640,$32.15,$32.88,$32.01
11/16/2015,$32.10,29603460,$32.09,$32.255,$31.93
11/13/2015,$32.11,23653970,$32.27,$32.38,$31.96
11/12/2015,$32.40,23230460,$32.71,$32.92,$32.39
11/11/2015,$32.86,19825140,$33.16,$33.38,$32.80
11/10/2015,$33.21,22451670,$33.17,$33.27,$32.81
11/09/2015,$33.35,24168220,$33.60,$33.83,$33.08
11/06/2015,$33.84,23699620,$33.93,$33.97,$33.41
11/05/2015,$34.00,16485760,$34.10,$34.20,$33.73
11/04/2015,$34.15,20761920,$34.27,$34.27,$33.90
11/03/2015,$34.31,18125930,$34.00,$34.41,$33.98
11/02/2015,$34.11,21709550,$33.73,$34.28,$33.64
10/30/2015,$33.86,24684270,$34.10,$34.29,$33.86
10/29/2015,$34.03,21312690,$34.20,$34.29,$33.77
10/28/2015,$34.71,21871220,$34.47,$34.71,$34.12
10/27/2015,$34.47,22628650,$34.41,$34.55,$34.31
10/26/2015,$34.59,22605040,$34.77,$34.96,$34.55
10/23/2015,$34.90,42793420,$34.54,$35.03,$34.40
10/22/2015,$34.40,39468820,$33.70,$34.50,$33.59
10/21/2015,$33.37,31983440,$33.67,$34.05,$33.32
10/20/2015,$33.44,24400760,$33.40,$33.695,$33.31
10/19/2015,$33.59,37561160,$32.88,$33.62,$32.87
10/16/2015,$33.04,28745790,$32.75,$33.20,$32.48
10/15/2015,$32.75,37506410,$32.84,$33.06,$32.46
10/14/2015,$32.80,75931040,$31.39,$32.93,$30.85
10/13/2015,$32.04,35183170,$32.025,$32.48,$31.98
10/12/2015,$32.21,18773610,$32.16,$32.32,$32.00
10/09/2015,$32.14,24196880,$32.37,$32.55,$31.94
10/08/2015,$32.52,27721680,$32.23,$32.60,$31.98
10/07/2015,$32.315,36927050,$32.00,$32.42,$31.72
10/06/2015,$31.74,35484310,$31.16,$31.85,$31.11
10/05/2015,$31.21,34815670,$30.73,$31.375,$30.56
10/02/2015,$30.51,27794970,$29.67,$30.525,$29.53
10/01/2015,$30.00,29780020,$30.21,$30.28,$29.46
09/30/2015,$30.14,41051110,$29.56,$30.32,$29.54
09/29/2015,$29.24,34067010,$28.83,$29.35,$28.76
09/28/2015,$28.76,42059270,$28.68,$29.36,$28.64
09/25/2015,$28.81,29166220,$28.94,$29.115,$28.63
09/24/2015,$28.48,32613360,$28.38,$28.67,$27.87
09/23/2015,$28.74,25816710,$29.02,$29.09,$28.59
09/22/2015,$28.67,28286250,$28.67,$28.90,$28.48
09/21/2015,$29.16,24197490,$29.09,$29.335,$28.94
09/18/2015,$29.02,60465660,$29.22,$29.42,$28.805
09/17/2015,$29.71,29560160,$29.62,$30.20,$29.55
09/16/2015,$29.77,25942820,$29.62,$29.79,$29.40
09/15/2015,$29.73,29782190,$29.56,$29.935,$29.48
09/14/2015,$29.39,24063820,$29.47,$29.53,$29.09
09/11/2015,$29.47,21772920,$29.08,$29.52,$29.04
09/10/2015,$29.27,25168780,$29.18,$29.66,$28.895
09/09/2015,$29.24,30745320,$29.72,$30.12,$29.17
09/08/2015,$29.50,27784980,$28.98,$29.50,$28.95
09/04/2015,$28.52,29095070,$28.57,$28.90,$28.41
09/03/2015,$29.08,38624390,$28.80,$29.42,$28.69
09/02/2015,$28.60,34580310,$28.35,$28.60,$28.14
09/01/2015,$27.82,44120660,$27.91,$28.17,$27.66
08/31/2015,$28.54,42383910,$28.33,$29.13,$28.16
08/28/2015,$28.42,43422600,$27.67,$28.61,$27.45
08/27/2015,$27.72,38560890,$27.72,$27.91,$27.01
08/26/2015,$27.30,47353980,$26.51,$27.34,$26.08
08/25/2015,$25.87,59237080,$27.04,$27.15,$25.87
08/24/2015,$26.25,83141430,$25.20,$27.63,$24.87
08/21/2015,$26.56,52055180,$27.33,$27.63,$26.56
08/20/2015,$27.53,31813610,$28.03,$28.24,$27.53
08/19/2015,$28.36,30507410,$28.65,$28.7964,$28.28
08/18/2015,$28.91,19176890,$28.95,$29.05,$28.80
08/17/2015,$29.08,15548220,$28.83,$29.20,$28.71
08/14/2015,$29.02,14289670,$28.92,$29.04,$28.82
08/13/2015,$28.87,18783610,$29.40,$29.45,$28.87
08/12/2015,$29.46,33591580,$28.66,$29.57,$28.66
08/11/2015,$28.97,23714160,$29.47,$29.48,$28.96
08/10/2015,$29.64,22781250,$29.07,$29.68,$29.06
08/07/2015,$28.88,25605670,$28.80,$28.96,$28.69
08/06/2015,$29.01,27946490,$29.16,$29.23,$28.845
08/05/2015,$29.12,23576030,$29.19,$29.39,$29.02
08/04/2015,$29.13,25034080,$28.98,$29.15,$28.86
08/03/2015,$29.05,26151450,$29.00,$29.35,$28.90
07/31/2015,$28.95,27158190,$29.12,$29.12,$28.77
07/30/2015,$28.91,26543750,$29.10,$29.45,$28.85
07/29/2015,$29.01,26458030,$28.95,$29.13,$28.79
07/28/2015,$28.96,33156470,$28.51,$29.18,$28.44
07/27/2015,$28.35,42110320,$28.07,$28.415,$27.62
07/24/2015,$28.06,31607690,$28.53,$28.64,$28.06
07/23/2015,$28.595,33264100,$28.66,$28.97,$28.43
07/22/2015,$28.605,36362760,$28.57,$28.85,$28.43
07/21/2015,$28.72,44894430,$28.96,$29.26,$28.67
07/20/2015,$29.10,33688510,$29.62,$29.62,$29.065
07/17/2015,$29.47,43565900,$29.66,$29.80,$29.10
07/16/2015,$29.90,81114050,$30.47,$30.48,$29.10
07/15/2015,$29.69,46800710,$29.65,$29.99,$29.465
07/14/2015,$29.65,39450560,$29.66,$30.11,$29.44
07/13/2015,$29.73,26391020,$29.27,$29.82,$29.19
07/10/2015,$29.17,31418840,$29.20,$29.35,$28.94
07/09/2015,$28.93,47138520,$29.72,$29.89,$28.82
07/08/2015,$29.50,45210870,$29.40,$29.6671,$29.15
07/07/2015,$29.90,43500540,$29.87,$29.93,$29.09
07/06/2015,$30.04,32451940,$30.24,$30.45,$29.84
07/02/2015,$30.555,27096060,$30.18,$30.92,$30.10
07/01/2015,$30.18,27178670,$30.49,$30.55,$30.01
06/30/2015,$30.415,34098730,$30.63,$30.69,$30.15
06/29/2015,$30.39,35178410,$30.70,$30.98,$30.305
06/26/2015,$31.02,62127280,$31.51,$31.53,$30.76
06/25/2015,$31.99,22691420,$32.02,$32.32,$31.99
06/24/2015,$31.91,23271480,$32.15,$32.15,$31.88
06/23/2015,$32.085,17991000,$32.305,$32.34,$31.93
06/22/2015,$32.26,23593360,$32.26,$32.385,$32.08
06/19/2015,$32.07,38812000,$32.40,$32.57,$31.962
06/18/2015,$32.38,27652650,$32.08,$32.496,$32.00
06/17/2015,$31.95,28192680,$31.75,$32.09,$31.69
06/16/2015,$31.635,20253490,$31.26,$31.755,$31.13
06/15/2015,$31.39,23157160,$31.12,$31.51,$30.94
06/12/2015,$31.32,31601230,$31.72,$32.10,$31.20
06/11/2015,$31.85,24268430,$31.95,$32.10,$31.84
06/10/2015,$31.82,33336270,$31.46,$32.155,$31.37
06/09/2015,$31.25,33954140,$31.33,$31.66,$31.15
06/08/2015,$31.30,38101730,$31.81,$31.95,$31.21
06/05/2015,$31.84,27688230,$32.28,$32.295,$31.83
06/04/2015,$32.31,33597670,$32.51,$32.72,$32.20
06/03/2015,$32.73,38124340,$33.17,$33.24,$32.59
06/02/2015,$33.27,36305480,$33.64,$33.75,$33.14
06/01/2015,$33.905,46720470,$34.37,$34.59,$33.68
05/29/2015,$34.46,43344720,$34.24,$34.75,$34.21
05/28/2015,$34.01,27053680,$33.74,$34.15,$33.68
05/27/2015,$33.71,30169050,$33.20,$33.85,$33.13
05/26/2015,$33.105,28578770,$33.27,$33.29,$32.84
05/22/2015,$33.45,20834080,$33.47,$33.51,$33.32
05/21/2015,$33.55,21255470,$33.21,$33.56,$33.07
05/20/2015,$33.37,21355900,$33.06,$33.50,$33.01
05/19/2015,$33.15,21769620,$33.36,$33.38,$32.99
05/18/2015,$33.41,23678740,$32.98,$33.41,$32.85
05/15/2015,$32.99,17135800,$33.09,$33.12,$32.75
05/14/2015,$32.97,21090710,$32.86,$33.13,$32.77
05/13/2015,$32.64,20468810,$32.27,$32.90,$32.27
05/12/2015,$32.25,24513590,$32.44,$32.50,$32.00
05/11/2015,$32.69,18358140,$32.68,$32.71,$32.43
05/08/2015,$32.80,26924390,$32.51,$32.88,$32.34
05/07/2015,$32.245,21457470,$32.27,$32.63,$32.18
05/06/2015,$32.22,31965460,$32.50,$32.79,$31.93
05/05/2015,$32.64,29757750,$33.00,$33.10,$32.565
05/04/2015,$33.43,21349110,$33.27,$33.50,$33.22
05/01/2015,$33.42,27052040,$32.63,$33.49,$32.62
04/30/2015,$32.55,21207670,$32.71,$32.85,$32.295
04/29/2015,$32.885,21794130,$32.56,$33.00,$32.55
04/28/2015,$33.02,29535630,$32.30,$33.04,$32.23
04/27/2015,$32.50,25864350,$32.08,$32.69,$32.08
04/24/2015,$32.08,22758110,$32.41,$32.48,$32.02
04/23/2015,$32.35,23739440,$32.04,$32.41,$32.01
04/22/2015,$32.70,21110390,$32.41,$32.72,$32.035
04/21/2015,$32.43,19002730,$32.93,$32.97,$32.285
04/20/2015,$32.73,20572910,$32.61,$32.7876,$32.53
04/17/2015,$32.47,29786920,$32.51,$32.70,$32.22
04/16/2015,$32.87,28831100,$32.85,$32.99,$32.695
04/15/2015,$32.83,61045920,$32.26,$32.99,$32.065
04/14/2015,$31.49,39083910,$31.68,$31.94,$31.27
04/13/2015,$31.73,23469280,$31.81,$32.05,$31.71
04/10/2015,$31.93,27983630,$31.33,$31.94,$31.33
04/09/2015,$31.24,34126220,$30.68,$31.62,$30.57
04/08/2015,$31.31,18233040,$31.23,$31.56,$31.06
04/07/2015,$31.26,23256910,$31.07,$31.585,$31.00
04/06/2015,$31.04,21490510,$30.81,$31.245,$30.45
04/02/2015,$30.81,20908280,$30.80,$31.23,$30.67
04/01/2015,$30.81,31467380,$31.13,$31.315,$30.65
03/31/2015,$31.27,32095410,$31.43,$31.93,$31.20
03/30/2015,$31.46,51359390,$31.66,$32.10,$31.30
03/27/2015,$32.00,73569920,$30.01,$33.00,$29.85
03/26/2015,$30.08,45436010,$29.50,$30.40,$29.31
03/25/2015,$29.89,37673750,$30.81,$30.885,$29.86
03/24/2015,$30.79,28280650,$31.16,$31.32,$30.74
03/23/2015,$31.20,29560050,$31.29,$31.79,$31.20
03/20/2015,$31.31,64275480,$30.99,$31.62,$30.93
03/19/2015,$30.74,27385670,$30.78,$31.10,$30.69
03/18/2015,$30.89,39832510,$30.41,$31.20,$30.30
03/17/2015,$30.59,29223770,$30.58,$30.73,$30.41
03/16/2015,$30.83,33057530,$30.93,$31.11,$30.65
03/13/2015,$30.93,47951390,$30.63,$30.98,$30.36
03/12/2015,$30.80,107365900,$31.01,$31.60,$30.58
03/11/2015,$32.33,49643550,$31.97,$32.96,$31.95
03/10/2015,$31.70,50258030,$32.24,$32.41,$31.50
03/09/2015,$32.72,33055880,$33.20,$33.27,$32.48
